0.443 42 ROTORCRAFT_FP 0 0 -353 0 0 2353195 -3897 170 -6310 0 0 102 -6310 0 0
0.492 42 INS 0 0 293 0 0 -2459217 -9159 -435 -3739
0.545 42 ROTORCRAFT_NAV_STATUS 13 0 0.8 0. 0 2 0
0.594 42 GPS_INT 0 0 0 0 0 0 0 0 0 0 0 0 0 0 0 0 8
0.594 42 SVINFO 0 0 0 0 0 0 0
0.706 42 ROTORCRAFT_FP 0 0 -321 0 0 2381378 -5300 44 -6022 0 0 -309 -6197 0 0
0.747 42 INS 0 0 350 0 0 -2291753 -10140 -1453 -294
0.840 42 AIR_DATA 100657. 0. 21.799999 1006.586121 0.134758 -1. -1.
0.849 42 GPS_INT 0 0 0 0 0 0 0 0 0 0 0 0 0 0 0 0 8
0.849 42 SVINFO 0 0 0 0 0 0 0
0.939 42 WP_MOVED_ENU 11 -199 -1203 256
0.952 42 LINK_REPORT 42 -1 1 0 863 22 0 863. 22. 13 0.
0.956 42 ROTORCRAFT_FP 0 0 -334 0 0 1939114 -6697 23 -5710 0 0 -309 -6197 0 0
1.003 42 INS 0 0 361 0 0 -1775245 -9898 -2245 3221
1.102 42 GPS_INT 0 0 0 0 0 0 0 0 0 0 0 0 0 0 0 0 8
1.102 42 SVINFO 0 0 0 0 0 0 0
1.216 42 ROTORCRAFT_FP 0 0 -319 0 0 1169181 -8097 108 -5406 0 0 -309 -6197 0 0
1.247 42 ROTORCRAFT_STATUS 0 0 0 1 0 9 0 0 2 4 124 15
1.263 42 DL_VALUE 13 145.
1.273 42 INS 0 0 364 0 0 -922314 -8585 -2726 6467
1.353 42 GPS_INT 0 0 0 0 0 0 0 0 0 0 0 0 0 0 0 0 8
1.354 42 SVINFO 0 0 0 0 0 0 0
1.457 42 ROTORCRAFT_FP 0 0 -426 0 0 -7082 -9497 291 -5147 0 0 -309 -6197 0 0
1.506 42 INS 0 0 429 0 0 241604 -6055 -2917 9330
1.608 42 GPS_INT 0 0 0 0 0 0 0 0 0 0 0 0 0 0 0 0 8
1.608 42 SVINFO 0 0 0 0 0 0 0
1.710 42 ROTORCRAFT_FP 0 0 -564 0 0 -1354883 -10931 559 -4959 0 0 -309 -6197 0 0
1.759 42 INS 0 0 590 0 0 1624689 -2711 -2845 10993
1.861 42 GPS_INT 0 0 0 0 0 0 0 0 0 0 0 0 0 0 0 0 8
1.862 42 SVINFO 0 0 0 0 0 0 0
1.953 42 LINK_REPORT 42 -1 2 0 1665 40 0 802. 18. 43 0.
1.965 42 ROTORCRAFT_FP 0 0 -732 0 0 -2711738 -12407 882 -4872 0 0 -309 -6197 0 0
2.013 42 INS 0 0 717 0 0 2908770 1073 -2462 11397
2.115 42 GPS_INT 0 0 0 0 0 0 0 0 0 0 0 0 0 0 0 0 8
2.115 42 SVINFO 0 0 0 0 0 0 0
2.155 42 AIR_DATA 100649. 0. 21.85 1006.586121 0.805908 -1. -1.
2.165 42 ROTORCRAFT_NAV_STATUS 15 0 0.8 0. 0 2 0
2.170 42 DATALINK_REPORT 0 49 0 895 9 0
2.216 42 ROTORCRAFT_FP 0 0 -818 0 0 -3784475 11799 1222 -4909 0 0 -309 -6197 0 0
2.256 42 WP_MOVED_ENU 12 -954 -2 253
2.268 42 INS 0 0 815 0 0 3946929 4803 -1601 10472
2.272 42 INS_REF 392433142 30036158 500219736 519906361 43767873 45110 0 100646.
2.365 42 DL_VALUE 14 167.
2.381 42 ALIVE 245,241,57,166,41,78,173,218,186,16,142,239,108,64,167,55
2.382 42 GPS_INT 0 0 0 0 0 0 0 0 0 0 0 0 0 0 0 0 8
2.382 42 SVINFO 0 0 0 0 0 0 0
2.463 42 ROTORCRAFT_STATUS 0 0 0 30 0 9 0 0 2 4 124 17
2.470 42 ROTORCRAFT_FP 0 0 -882 0 0 -4512400 10156 1537 -5087 0 0 -309 -6197 0 0
2.524 42 INS 0 0 997 0 0 4726366 7997 -404 7847
2.573 42 ENERGY 12.4 0. 0 0.
2.627 42 GPS_INT 0 0 0 0 0 0 0 0 0 0 0 0 0 0 0 0 8
2.627 42 SVINFO 0 0 0 0 0 0 0
2.730 42 ROTORCRAFT_FP 0 0 -966 0 0 -4805704 8428 1762 -5395 0 0 -309 -6197 0 0
2.776 42 INS 0 0 908 0 0 4718430 9933 706 4262
2.878 42 GPS_INT 0 0 0 0 0 0 0 0 0 0 0 0 0 0 0 0 8
2.878 42 SVINFO 0 0 0 0 0 0 0
2.954 42 LINK_REPORT 42 -1 3 0 2653 65 0 988. 25. 72 0.
2.977 42 ROTORCRAFT_FP 0 0 -1065 0 0 -4630779 6648 1849 -5785 0 0 -309 -6197 0 0
3.030 42 INS 0 0 997 0 0 4429311 10217 1603 71
3.129 42 GPS_INT 0 0 0 0 0 0 0 0 0 0 0 0 0 0 0 0 8
3.131 42 SVINFO 0 0 0 0 0 0 0
3.182 42 STATE_FILTER_STATUS 3 3 0
3.231 42 ROTORCRAFT_FP 0 0 -1097 0 0 -3912749 4848 1780 -6181 0 0 -309 -6197 0 0
3.282 42 INS 0 0 1040 0 0 3648152 8875 2359 -3875
3.383 42 GPS_INT 0 0 0 0 0 0 0 0 0 0 0 0 0 0 0 0 8
3.383 42 SVINFO 0 0 0 0 0 0 0
3.473 42 AIR_DATA 100656. 0. 21.9 1006.586121 0.219313 -1. -1.
3.485 42 ROTORCRAFT_FP 0 0 -917 0 0 -2601304 3107 1568 -6500 0 0 -309 -6197 0 0
3.489 42 I2C_ERRORS 0 0 0 0 0 0 0 0 0 0 0 0
3.489 42 I2C_ERRORS 0 0 0 0 0 0 0 0 0 0 0 1
3.490 42 I2C_ERRORS 0 0 0 0 0 0 0 0 0 0 0 2
3.540 42 INS 0 0 982 0 0 2420373 6172 2712 -6897
3.575 42 WP_MOVED_ENU 13 327 993 253
3.638 42 GPS_INT 0 0 0 0 0 0 0 0 0 0 0 0 0 0 0 0 8
3.638 42 SVINFO 0 0 0 0 0 0 0
3.681 42 ROTORCRAFT_STATUS 0 0 0 30 0 9 0 0 2 4 124 18
3.739 42 ROTORCRAFT_FP 0 0 -799 0 0 -1188176 1461 1262 -6690 0 0 -309 -6197 0 0
3.787 42 ROTORCRAFT_NAV_STATUS 17 0 0.8 0. 0 2 0
3.790 42 INS 0 0 782 0 0 909829 2680 2525 -8820
3.890 42 GPS_INT 0 0 0 0 0 0 0 0 0 0 0 0 0 0 0 0 8
3.890 42 SVINFO 0 0 0 0 0 0 0
3.954 42 LINK_REPORT 42 -1 4 0 3633 89 0 980. 24. 102 0.
3.993 42 ROTORCRAFT_FP 0 0 -692 0 0 188646 -88 918 -6738 0 0 -309 -6197 0 0
4.043 42 INS 0 0 642 0 0 -477160 -1349 2081 -9166
4.145 42 GPS_INT 0 0 0 0 0 0 0 0 0 0 0 0 0 0 0 0 8
4.145 42 SVINFO 0 0 0 0 0 0 0
4.247 42 ROTORCRAFT_FP 0 0 -584 0 0 1368129 -1566 591 -6658 0 0 -309 -6197 0 0
4.298 42 INS 0 0 534 0 0 -1600252 -5029 1264 -8193
4.402 42 GPS_INT 0 0 0 0 0 0 0 0 0 0 0 0 0 0 0 0 8
4.402 42 SVINFO 0 0 0 0 0 0 0
4.499 42 ALIVE 245,241,57,166,41,78,173,218,186,16,142,239,108,64,167,55
4.500 42 ROTORCRAFT_FP 0 0 -491 0 0 2197586 -2985 321 -6476 0 0 -309 -6197 0 0
4.549 42 INS 0 0 434 0 0 -2359918 -7829 325 -5983
4.594 42 DL_VALUE 16 1006.586121
4.649 42 GPS_INT 0 0 0 0 0 0 0 0 0 0 0 0 0 0 0 0 8
4.649 42 SVINFO 0 0 0 0 0 0 0
4.751 42 ROTORCRAFT_FP 0 0 -412 0 0 2605387 -4382 133 -6219 0 0 -309 -6197 0 0
4.787 42 AIR_DATA 100653. 0. 21.950001 1006.586121 0.470333 -1. -1.
4.810 42 INS 0 0 433 0 0 -2592965 -9517 -629 -3037
4.887 42 WP_MOVED_ENU 14 1134 -345 253
4.892 42 ROTORCRAFT_STATUS 0 0 0 30 0 9 0 0 2 4 124 19
4.901 42 GPS_INT 0 0 0 0 0 0 0 0 0 0 0 0 0 0 0 0 8
4.901 42 SVINFO 0 0 0 0 0 0 0
4.955 42 LINK_REPORT 42 -1 5 0 4517 110 0 884. 21. 132 0.
5.002 42 ROTORCRAFT_FP 0 0 -348 0 0 2564040 -5768 42 -5917 0 0 -309 -6197 0 0
5.053 42 INS 0 0 398 0 0 -2434538 -10209 -1625 375
5.105 42 ENERGY 12.4 0. 0 0.
5.156 42 GPS_INT 0 0 0 0 0 0 0 0 0 0 0 0 0 0 0 0 8
5.156 42 SVINFO 0 0 0 0 0 0 0
5.254 42 ROTORCRAFT_FP 0 0 -395 0 0 1995241 -7152 56 -5601 0 0 -309 -6197 0 0
5.305 42 INS 0 0 406 0 0 -1834460 -9699 -2400 3915
5.403 42 ROTORCRAFT_NAV_STATUS 18 0 0.8 0. 0 2 0
5.406 42 GPS_INT 0 0 0 0 0 0 0 0 0 0 0 0 0 0 0 0 8
5.406 42 SVINFO 0 0 0 0 0 0 0
5.455 42 PONG 
5.507 42 ROTORCRAFT_FP 0 0 -458 0 0 1065512 -8542 175 -5306 0 0 -309 -6197 0 0
5.559 42 INS 0 0 433 0 0 -880767 -7954 -2849 7099
5.658 42 GPS_INT 0 0 0 0 0 0 0 0 0 0 0 0 0 0 0 0 8
5.658 42 SVINFO 0 0 0 0 0 0 0
5.705 42 DL_VALUE 17 1.
5.759 42 ROTORCRAFT_FP 0 0 -525 0 0 -112256 -9957 391 -5062 0 0 -525 -6197 0 0
5.813 42 INS 0 0 531 0 0 355703 -5182 -2935 9534
5.910 42 GPS_INT 0 0 0 0 0 0 0 0 0 0 0 0 0 0 0 0 8
5.911 42 SVINFO 0 0 0 0 0 0 0
5.956 42 LINK_REPORT 42 -1 6 0 5347 130 0 830. 20. 163 2.09
6.013 42 ROTORCRAFT_FP 0 0 -669 0 0 -1462296 -11389 682 -4902 0 0 -669 -6197 0 0
6.063 42 INS 0 0 667 0 0 1697444 -1686 -2734 10849
6.100 42 AIR_DATA 100652. 0. 22. 1006.586121 0.554887 -1. -1.
6.104 42 ROTORCRAFT_STATUS 0 0 0 30 0 4 0 0 2 1 124 20
6.165 42 GPS_INT 0 0 0 0 0 0 0 0 0 0 0 0 0 0 0 0 8
6.165 42 SVINFO 0 0 0 0 0 0 0
6.205 42 WP_MOVED_ENU 0 0 0 256
6.267 42 ROTORCRAFT_FP 0 0 -749 0 0 -2694528 12854 1021 -4851 0 0 -749 -6197 0 0
6.316 42 INS 0 0 746 0 0 2899523 2363 -2116 10844
6.418 42 STATE_FILTER_STATUS 3 3 0
6.418 42 GPS_INT 0 0 0 0 0 0 0 0 0 0 0 0 0 0 0 0 8
6.419 42 SVINFO 0 0 0 0 0 0 0
6.529 42 ROTORCRAFT_FP 0 0 -786 0 0 -3664568 11286 1364 -4933 0 0 -786 -6197 0 0
6.574 42 INS 0 0 880 0 0 3914031 6018 -1387 9306
6.622 42 ALIVE 245,241,57,166,41,78,173,218,186,16,142,239,108,64,167,55
6.673 42 GPS_INT 0 0 0 0 0 0 0 0 0 0 0 0 0 0 0 0 8
6.673 42 SVINFO 0 0 0 0 0 0 0
6.774 42 ROTORCRAFT_FP 0 0 -905 0 0 -4355922 9622 1659 -5157 0 0 -905 -6197 0 0
6.818 42 DL_VALUE 18 0.
6.825 42 INS 0 0 1016 0 0 4535058 8662 -194 6667
6.927 42 GPS_INT 0 0 0 0 0 0 0 0 0 0 0 0 0 0 0 0 8
6.927 42 SVINFO 0 0 0 0 0 0 0
6.956 42 LINK_REPORT 42 -1 7 0 6243 152 0 896. 22. 193 2.09
7.030 42 ROTORCRAFT_NAV_STATUS 20 0 0.8 0. 0 2 0
7.030 42 ROTORCRAFT_FP 0 0 -991 0 0 -4545678 7876 1847 -5503 0 0 -871 -6197 0 0
7.090 42 INS 0 0 979 0 0 4489764 10213 1065 2645
7.178 42 GPS_INT 0 0 0 0 0 0 0 0 0 0 0 0 0 0 0 0 8
7.179 42 SVINFO 0 0 0 0 0 0 0
7.285 42 ROTORCRAFT_FP 0 0 -1082 0 0 -4248914 6082 1887 -5911 0 0 -871 -6197 0 0
7.317 42 ROTORCRAFT_STATUS 0 0 0 29 0 9 0 0 2 4 124 21
7.330 42 INS 0 0 1018 0 0 4037488 9965 2021 -1506
7.337 42 DATALINK_REPORT 0 204 0 908 30 0
7.414 42 AIR_DATA 100652. 0. 22.049999 1006.586121 0.554887 -1. -1.
7.429 42 GPS_INT 0 0 0 0 0 0 0 0 0 0 0 0 0 0 0 0 8
7.429 42 SVINFO 0 0 0 0 0 0 0
7.447 42 INS_REF 392433142 30036158 500219736 519906361 43767873 45110 0 100646.
7.516 42 WP_MOVED_ENU 1 151 -148 253
7.532 42 ROTORCRAFT_FP 0 0 -1055 0 0 -3379303 4292 1767 -6298 0 0 -871 -6197 0 0
7.583 42 INS 0 0 1007 0 0 3109610 8165 2501 -5095
7.637 42 I2C_ERRORS 0 0 0 0 0 0 0 0 0 0 0 0
7.637 42 I2C_ERRORS 0 0 0 0 0 0 0 0 0 0 0 1
7.637 42 ENERGY 12.4 0. 0 0.
7.684 42 GPS_INT 0 0 0 0 0 0 0 0 0 0 0 0 0 0 0 0 8
7.697 42 SVINFO 0 0 0 0 0 0 0
7.786 42 ROTORCRAFT_FP 0 0 -889 0 0 -2047846 2575 1515 -6584 0 0 -871 -6197 0 0
7.838 42 INS 0 0 939 0 0 1840831 5110 2936 -7990
7.940 42 DL_VALUE 19 0.
7.946 42 GPS_INT 0 0 0 0 0 0 0 0 0 0 0 0 0 0 0 0 8
7.946 42 SVINFO 0 0 0 0 0 0 0
7.956 42 LINK_REPORT 42 -1 8 0 7272 178 0 1029. 26. 223 2.09
8.047 42 ROTORCRAFT_FP 0 0 -790 0 0 -626583 911 1177 -6735 0 0 -871 -6197 0 0
8.097 42 INS 0 0 750 0 0 328854 1214 2452 -9317
8.205 42 GPS_INT 0 0 0 0 0 0 0 0 0 0 0 0 0 0 0 0 8
8.205 42 SVINFO 0 0 0 0 0 0 0
8.301 42 ROTORCRAFT_FP 0 0 -693 0 0 689873 -609 826 -6737 0 0 -871 -6197 0 0
8.352 42 INS 0 0 680 0 0 -923773 -2732 1886 -9209
8.455 42 GPS_INT 0 0 0 0 0 0 0 0 0 0 0 0 0 0 0 0 8
8.455 42 SVINFO 0 0 0 0 0 0 0
8.541 42 ROTORCRAFT_STATUS 0 0 0 30 0 9 0 0 2 4 124 23
8.553 42 ROTORCRAFT_FP 0 0 -553 0 0 1813869 -2056 514 -6617 0 0 -871 -6197 0 0
8.604 42 INS 0 0 505 0 0 -2020501 -6084 1037 -7766
8.652 42 ROTORCRAFT_NAV_STATUS 22 0 0.8 0. 0 2 0
8.706 42 GPS_INT 0 0 0 0 0 0 0 0 0 0 0 0 0 0 0 0 8
8.706 42 SVINFO 0 0 0 0 0 0 0
8.741 42 AIR_DATA 100651. 0. 22.1 1006.586121 0.636799 -1. -1.
8.756 42 ALIVE 245,241,57,166,41,78,173,218,186,16,142,239,108,64,167,55
8.807 42 ROTORCRAFT_FP 0 0 -475 0 0 2519044 -3474 264 -6401 0 0 -871 -6197 0 0
8.842 42 WP_MOVED_ENU 2 491 245 256
8.865 42 INS 0 0 411 0 0 -2661941 -8435 -68 -5240
8.957 42 LINK_REPORT 42 -1 9 0 8085 197 0 813. 19. 253 2.09
8.959 42 GPS_INT 0 0 0 0 0 0 0 0 0 0 0 0 0 0 0 0 8
8.959 42 SVINFO 0 0 0 0 0 0 0
9.053 42 DL_VALUE 20 0.
9.059 42 ROTORCRAFT_FP 0 0 -365 0 0 2833813 -4862 106 -6121 0 0 -871 -6197 0 0
9.065 42 AUTOPILOT_VERSION 51300 v5.13_devel-166-gae18987-dirty
9.110 42 INS 0 0 404 0 0 -2779633 -9919 -1087 -2079
9.210 42 GPS_INT 0 0 0 0 0 0 0 0 0 0 0 0 0 0 0 0 8
9.210 42 SVINFO 0 0 0 0 0 0 0
9.315 42 ROTORCRAFT_FP 0 0 -339 0 0 2624565 -6255 50 -5803 0 0 -871 -6197 0 0
9.369 42 INS 0 0 367 0 0 -2498444 -10267 -1914 1553
9.465 42 GPS_INT 0 0 0 0 0 0 0 0 0 0 0 0 0 0 0 0 8
9.465 42 SVINFO 0 0 0 0 0 0 0
9.574 42 ROTORCRAFT_FP 0 0 -460 0 0 1867861 -7639 102 -5487 0 0 -871 -6197 0 0
9.628 42 INS 0 0 414 0 0 -1743956 -9097 -2634 4841
9.666 42 STATE_FILTER_STATUS 3 3 0
9.720 42 GPS_INT 0 0 0 0 0 0 0 0 0 0 0 0 0 0 0 0 8
9.720 42 SVINFO 0 0 0 0 0 0 0
9.756 42 ROTORCRAFT_STATUS 0 0 0 30 0 9 0 0 2 4 124 24
9.823 42 ROTORCRAFT_FP 0 0 -461 0 0 915805 -9039 260 -5201 0 0 -871 -6197 0 0
9.885 42 INS 0 0 440 0 0 -710236 -6871 -2974 7977
9.958 42 LINK_REPORT 42 -1 10 0 8942 217 0 857. 20. 283 2.09
9.973 42 GPS_INT 0 0 0 0 0 0 0 0 0 0 0 0 0 0 0 0 8
9.973 42 SVINFO 0 0 0 0 0 0 0
10.067 42 AIR_DATA 100648. 0. 22.15 1006.586121 0.887819 -1. -1.
10.075 42 ROTORCRAFT_FP 0 0 -508 0 0 -300059 -10471 512 -4978 0 0 -508 -6197 0 0
10.127 42 INS 0 0 552 0 0 588641 -3922 -3076 9972
10.157 42 WP_MOVED_ENU 3 491 245 256
10.171 42 DL_VALUE 21 1.
10.178 42 ENERGY 12.4 0. 0 0.
10.237 42 GPS_INT 0 0 0 0 0 0 0 0 0 0 0 0 0 0 0 0 8
10.237 42 SVINFO 0 0 0 0 0 0 0
10.276 42 ROTORCRAFT_NAV_STATUS 23 0 0.8 0. 0 2 0
10.328 42 ROTORCRAFT_FP 0 0 -646 0 0 -1647919 -11912 827 -4852 0 0 -646 -6197 0 0
10.379 42 INS 0 0 676 0 0 1922344 -193 -2594 10885
10.457 42 PONG 
10.481 42 GPS_INT 0 0 0 0 0 0 0 0 0 0 0 0 0 0 0 0 8
10.492 42 SVINFO 0 0 0 0 0 0 0
10.584 42 ROTORCRAFT_FP 0 0 -758 0 0 -2874535 12296 1177 -4847 0 0 -758 -6197 0 0
10.633 42 INS 0 0 833 0 0 3144376 3759 -2002 10187
10.706 42 WIND_INFO 42 5 0. 0. 0. 0.
10.738 42 GPS_INT 0 0 0 0 0 0 0 0 0 0 0 0 0 0 0 0 8
10.738 42 SVINFO 0 0 0 0 0 0 0
10.835 42 ROTORCRAFT_FP 0 0 -874 0 0 -3821611 10708 1512 -4981 0 0 -874 -6197 0 0
10.887 42 ALIVE 245,241,57,166,41,78,173,218,186,16,142,239,108,64,167,55
10.887 42 INS 0 0 972 0 0 4043906 6999 -985 8171
10.959 42 LINK_REPORT 42 -1 11 0 9854 240 0 912. 23. 315 3.17
10.971 42 ROTORCRAFT_STATUS 0 0 0 30 0 4 0 0 2 1 124 25
10.988 42 GPS_INT 0 0 0 0 0 0 0 0 0 0 0 0 0 0 0 0 8
10.988 42 SVINFO 0 0 0 0 0 0 0
11.085 42 ROTORCRAFT_FP 0 0 -961 0 0 -4342326 9018 1778 -5256 0 0 -957 -6197 0 0
11.139 42 INS 0 0 908 0 0 4319484 9405 389 5110
11.239 42 GPS_INT 0 0 0 0 0 0 0 0 0 0 0 0 0 0 0 0 8
11.239 42 SVINFO 0 0 0 0 0 0 0
11.286 42 DL_VALUE 22 0.5
11.341 42 ROTORCRAFT_FP 0 0 -1054 0 0 -4390090 7233 1919 -5642 0 0 -1054 -6197 0 0
11.372 42 AIR_DATA 100651. 0. 22.200001 1006.586121 0.636799 -1. -1.
11.391 42 INS 0 0 996 0 0 4260127 10314 1382 1061
11.474 42 WP_MOVED_ENU 4 197 -440 256
11.494 42 GPS_INT 0 0 0 0 0 0 0 0 0 0 0 0 0 0 0 0 8
11.494 42 SVINFO 0 0 0 0 0 0 0
11.593 42 ROTORCRAFT_FP 0 0 -1024 0 0 -3828807 5431 1901 -6059 0 0 -951 -6197 0 0
11.642 42 INS 0 0 977 0 0 3622252 9456 2294 -3003
11.745 42 GPS_INT 0 0 0 0 0 0 0 0 0 0 0 0 0 0 0 0 8
11.745 42 SVINFO 0 0 0 0 0 0 0
11.799 42 I2C_ERRORS 0 0 0 0 0 0 0 0 0 0 0 2
11.800 42 I2C_ERRORS 0 0 0 0 0 0 0 0 0 0 0 0
11.846 42 ROTORCRAFT_FP 0 0 -926 0 0 -2783924 3658 1727 -6423 0 0 -951 -6197 0 0
11.908 42 ROTORCRAFT_NAV_STATUS 25 0 0.8 0. 0 2 0
11.909 42 INS 0 0 995 0 0 2619920 7090 2871 -6440
11.959 42 LINK_REPORT 42 -1 12 0 10802 263 0 948. 23. 345 3.17
12.005 42 GPS_INT 0 0 0 0 0 0 0 0 0 0 0 0 0 0 0 0 8
12.005 42 SVINFO 0 0 0 0 0 0 0
12.100 42 ROTORCRAFT_FP 0 0 -827 0 0 -1479271 1978 1436 -6665 0 0 -951 -6197 0 0
12.158 42 INS 0 0 783 0 0 1167052 3812 2844 -8649
12.188 42 ROTORCRAFT_STATUS 0 0 0 29 0 9 0 0 2 4 124 26
12.253 42 GPS_INT 0 0 0 0 0 0 0 0 0 0 0 0 0 0 0 0 8
12.253 42 SVINFO 0 0 0 0 0 0 0
12.354 42 ROTORCRAFT_FP 0 0 -765 0 0 -140851 400 1090 -6762 0 0 -951 -6197 0 0
12.411 42 DL_VALUE 23 1.
12.411 42 INS 0 0 764 0 0 -118025 -185 2422 -9517
12.515 42 GPS_INT 0 0 0 0 0 0 0 0 0 0 0 0 0 0 0 0 8
12.515 42 SVINFO 0 0 0 0 0 0 0
12.516 42 DATALINK_REPORT 0 361 0 909 30 0
12.635 42 ROTORCRAFT_FP 0 0 -670 0 0 1151674 -1139 731 -6715 0 0 -951 -6197 0 0
12.635 42 INS_REF 392433142 30036158 500219736 519906361 43767873 45110 0 100646.
12.669 42 INS 0 0 639 0 0 -1386245 -3864 1679 -8983
12.696 42 AIR_DATA 100654. 0. 22.25 1006.586121 0.385779 -1. -1.
12.721 42 ENERGY 12.4 0. 0 0.
12.768 42 GPS_INT 0 0 0 0 0 0 0 0 0 0 0 0 0 0 0 0 8
12.768 42 SVINFO 0 0 0 0 0 0 0
12.797 42 WP_MOVED_ENU 5 -574 -34 256
12.960 42 LINK_REPORT 42 -1 13 0 11632 284 0 830. 21. 374 3.17
13.042 42 ROTORCRAFT_FP 0 0 -565 0 0 2136970 -2565 434 -6555 0 0 -951 -6197 0 0
13.052 42 STATE_FILTER_STATUS 3 3 0
13.052 42 INS 0 0 509 0 0 -2326472 -7021 674 -6974
13.064 42 ALIVE 245,241,57,166,41,78,173,218,186,16,142,239,108,64,167,55
13.065 42 GPS_INT 0 0 0 0 0 0 0 0 0 0 0 0 0 0 0 0 8
13.065 42 SVINFO 0 0 0 0 0 0 0
13.122 42 ROTORCRAFT_FP 0 0 -403 0 0 2797581 -3972 212 -6308 0 0 -951 -6197 0 0
13.332 42 INS 0 0 452 0 0 -2797490 -9097 -409 -4269
13.343 42 GPS_INT 0 0 0 0 0 0 0 0 0 0 0 0 0 0 0 0 8
13.343 42 SVINFO 0 0 0 0 0 0 0
13.375 42 ROTORCRAFT_FP 0 0 -348 0 0 2919126 -5366 87 -6005 0 0 -951 -6197 0 0
13.409 42 ROTORCRAFT_STATUS 0 0 0 30 0 9 0 0 2 4 124 27
13.478 42 INS 0 0 412 0 0 -2816402 -10191 -1333 -842
13.519 42 DL_VALUE 24 0.1
13.523 42 ROTORCRAFT_NAV_STATUS 26 0 0.8 0. 0 2 0
13.527 42 GPS_INT 0 0 0 0 0 0 0 0 0 0 0 0 0 0 0 0 8
13.528 42 SVINFO 0 0 0 0 0 0 0
13.630 42 ROTORCRAFT_FP 0 0 -484 0 0 2423425 -6757 70 -5679 0 0 -951 -6197 0 0
13.682 42 INS 0 0 422 0 0 -2360614 -9944 -2183 2682
13.782 42 GPS_INT 0 0 0 0 0 0 0 0 0 0 0 0 0 0 0 0 8
13.782 42 SVINFO 0 0 0 0 0 0 0
13.884 42 ROTORCRAFT_FP 0 0 -506 0 0 1663587 -8150 163 -5364 0 0 -951 -6197 0 0
13.934 42 INS 0 0 466 0 0 -1516981 -8456 -2813 6037
13.961 42 LINK_REPORT 42 -1 14 0 12604 307 0 972. 23. 404 3.17
14.019 42 AIR_DATA 100650. 0. 22.299999 1006.586121 0.721353 -1. -1.
14.034 42 GPS_INT 0 0 0 0 0 0 0 0 0 0 0 0 0 0 0 0 8
14.034 42 SVINFO 0 0 0 0 0 0 0
14.116 42 WP_MOVED_ENU 6 -692 197 256
14.136 42 ROTORCRAFT_FP 0 0 -549 0 0 592880 -9553 360 -5093 0 0 -951 -6197 0 0
14.188 42 INS 0 0 598 0 0 -315364 -5955 -3155 8520
14.288 42 GPS_INT 0 0 0 0 0 0 0 0 0 0 0 0 0 0 0 0 8
14.288 42 SVINFO 0 0 0 0 0 0 0
14.391 42 ROTORCRAFT_FP 0 0 -631 0 0 -658703 -10960 637 -4903 0 0 -951 -6197 0 0
14.438 42 INS 0 0 622 0 0 893767 -2664 -3052 10151
14.538 42 GPS_INT 0 0 0 0 0 0 0 0 0 0 0 0 0 0 0 0 8
14.538 42 SVINFO 0 0 0 0 0 0 0
14.622 42 ROTORCRAFT_STATUS 0 0 0 30 0 9 0 0 2 4 124 29
14.630 42 DL_VALUE 25 1.
14.656 42 ROTORCRAFT_FP 0 0 -746 0 0 -1955709 -12406 969 -4815 0 0 -951 -6197 0 0
14.690 42 INS 0 0 785 0 0 2229681 1062 -2473 10625
14.792 42 GPS_INT 0 0 0 0 0 0 0 0 0 0 0 0 0 0 0 0 8
14.792 42 SVINFO 0 0 0 0 0 0 0
14.892 42 ROTORCRAFT_FP 0 0 -760 0 0 -3018285 11789 1325 -4855 0 0 -951 -6197 0 0
14.942 42 INS 0 0 838 0 0 3273493 5008 -1678 9566
14.962 42 LINK_REPORT 42 -1 15 0 13463 327 0 859. 20. 434 3.17
15.043 42 GPS_INT 0 0 0 0 0 0 0 0 0 0 0 0 0 0 0 0 8
15.043 42 SVINFO 0 0 0 0 0 0 0
15.142 42 ROTORCRAFT_NAV_STATUS 28 0 0.8 0. 0 2 0
15.158 42 ALIVE 245,241,57,166,41,78,173,218,186,16,142,239,108,64,167,55
15.159 42 ROTORCRAFT_FP 0 0 -908 0 0 -3905223 10151 1651 -5043 0 0 -951 -6197 0 0
15.196 42 INS 0 0 894 0 0 3988429 7952 -535 7217
15.250 42 ENERGY 12.4 0. 0 0.
15.297 42 GPS_INT 0 0 0 0 0 0 0 0 0 0 0 0 0 0 0 0 8
15.298 42 SVINFO 0 0 0 0 0 0 0
15.325 42 AIR_DATA 100650. 0. 22.35 1006.586121 0.721353 -1. -1.
15.397 42 ROTORCRAFT_FP 0 0 -994 0 0 -4288569 8430 1882 -5364 0 0 -951 -6197 0 0
15.426 42 WP_MOVED_ENU 7 -256 -1500 253
15.449 42 INS 0 0 939 0 0 4237388 9847 715 3594
15.457 42 PONG 
15.551 42 GPS_INT 0 0 0 0 0 0 0 0 0 0 0 0 0 0 0 0 8
15.552 42 SVINFO 0 0 0 0 0 0 0
15.656 42 ROTORCRAFT_FP 0 0 -1026 0 0 -4130432 6620 1974 -5780 0 0 -951 -6197 0 0
15.703 42 INS 0 0 1011 0 0 4019433 10135 1681 -291
15.744 42 DL_VALUE 26 0.
15.806 42 GPS_INT 0 0 0 0 0 0 0 0 0 0 0 0 0 0 0 0 8
15.806 42 SVINFO 0 0 0 0 0 0 0
15.836 42 ROTORCRAFT_STATUS 0 0 0 29 0 9 0 0 2 4 124 30
15.905 42 ROTORCRAFT_FP 0 0 -949 0 0 -3389923 4806 1897 -6198 0 0 -951 -6197 0 0
15.956 42 INS 0 0 1032 0 0 3287955 8841 2461 -4286
15.957 42 I2C_ERRORS 0 0 0 0 0 0 0 0 0 0 0 1
15.958 42 I2C_ERRORS 0 0 0 0 0 0 0 0 0 0 0 2
15.963 42 LINK_REPORT 42 -1 16 0 14466 353 0 1003. 26. 465 2.05
16.065 42 GPS_INT 0 0 0 0 0 0 0 0 0 0 0 0 0 0 0 0 8
16.065 42 SVINFO 0 0 0 0 0 0 0
16.156 42 STATE_FILTER_STATUS 3 3 0
16.159 42 ROTORCRAFT_FP 0 0 -910 0 0 -2315743 3057 1672 -6532 0 0 -951 -6197 0 0
16.210 42 INS 0 0 830 0 0 2000199 5973 2866 -7430
16.317 42 GPS_INT 0 0 0 0 0 0 0 0 0 0 0 0 0 0 0 0 8
16.318 42 SVINFO 0 0 0 0 0 0 0
16.412 42 ROTORCRAFT_FP 0 0 -861 0 0 -1023228 1412 1351 -6728 0 0 -951 -6197 0 0
16.463 42 INS 0 0 812 0 0 719527 2608 2714 -9119
16.565 42 GPS_INT 0 0 0 0 0 0 0 0 0 0 0 0 0 0 0 0 8
16.565 42 SVINFO 0 0 0 0 0 0 0
16.641 42 AIR_DATA 100653. 0. 22.4 1006.586121 0.470333 -1. -1.
16.665 42 ROTORCRAFT_FP 0 0 -760 0 0 326269 -118 996 -6774 0 0 -951 -6197 0 0
16.715 42 INS 0 0 751 0 0 -573712 -1475 2314 -9545
16.741 42 WP_MOVED_ENU 8 -1292 12 256
16.763 42 ROTORCRAFT_NAV_STATUS 30 0 0.8 0. 0 2 0
16.819 42 SVINFO 0 0 0 0 0 0 0
16.860 42 DL_VALUE 27 0.063
16.916 42 ROTORCRAFT_FP 0 0 -665 0 0 1510289 -1578 658 -6688 0 0 -951 -6197 0 0
16.964 42 LINK_REPORT 42 -1 17 0 15226 372 0 760. 19. 495 2.05
16.969 42 INS 0 0 623 0 0 -1744693 -4885 1458 -8583
17.051 42 ROTORCRAFT_STATUS 0 0 0 30 0 9 0 0 2 4 124 31
17.074 42 GPS_INT 0 0 0 0 0 0 0 0 0 0 0 0 0 0 0 0 8
17.074 42 SVINFO 0 0 0 0 0 0 0
17.237 42 ROTORCRAFT_FP 0 0 -569 0 0 2398480 -3001 375 -6495 0 0 -951 -6197 0 0
17.238 42 INS 0 0 583 0 0 -2498297 -7962 373 -6368
17.270 42 ALIVE 245,241,57,166,41,78,173,218,186,16,142,239,108,64,167,55
17.346 42 GPS_INT 0 0 0 0 0 0 0 0 0 0 0 0 0 0 0 0 8
17.425 42 ROTORCRAFT_FP 0 0 -459 0 0 2897785 -4401 178 -6223 0 0 -951 -6197 0 0
17.495 42 INS 0 0 440 0 0 -2941849 -9695 -659 -3272
17.582 42 GPS_INT 0 0 0 0 0 0 0 0 0 0 0 0 0 0 0 0 8
17.677 42 ROTORCRAFT_FP 0 0 -362 0 0 2943452 -5779 84 -5909 0 0 -951 -6197 0 0
17.695 42 DATALINK_REPORT 0 516 0 892 29 0
17.740 42 INS 0 0 392 0 0 -2854456 -10234 -1754 3
17.785 42 INS_REF 392433142 30036158 500219736 519906361 43767873 45110 0 100646.
17.785 42 ENERGY 12.4 0. 0 0.
17.852 42 GPS_INT 0 0 0 0 0 0 0 0 0 0 0 0 0 0 0 0 8
17.852 42 SVINFO 0 0 0 0 0 0 0
17.934 42 ROTORCRAFT_FP 0 0 -447 0 0 2402336 -7155 100 -5579 0 0 -951 -6197 0 0
17.960 42 AIR_DATA 100648. 0. 22.450001 1006.586121 0.887819 -1. -1.
17.965 42 LINK_REPORT 42 -1 18 0 16125 392 0 899. 20. 525 2.05
18.069 42 DL_VALUE 28 0.9
18.070 42 INS 0 0 389 0 0 -2319042 -9570 -2441 3553
18.112 42 WP_MOVED_ENU 9 312 1249 256
18.142 42 GPS_INT 0 0 0 0 0 0 0 0 0 0 0 0 0 0 0 0 8
18.143 42 SVINFO 0 0 0 0 0 0 0
18.198 42 ROTORCRAFT_FP 0 0 -479 0 0 1552917 -8536 224 -5272 0 0 -951 -6197 0 0
18.242 42 INS 0 0 442 0 0 -1387352 -7797 -3026 6653
18.303 42 ROTORCRAFT_STATUS 0 0 0 29 0 9 0 0 2 4 124 32
18.338 42 GPS_INT 0 0 0 0 0 0 0 0 0 0 0 0 0 0 0 0 8
18.338 42 SVINFO 0 0 0 0 0 0 0
18.380 42 ROTORCRAFT_NAV_STATUS 31 0 0.8 0. 0 2 0
18.466 42 ROTORCRAFT_FP 0 0 -532 0 0 417918 -9942 449 -5017 0 0 -951 -6197 0 0
18.489 42 INS 0 0 578 0 0 -137144 -4895 -3129 9131
18.587 42 GPS_INT 0 0 0 0 0 0 0 0 0 0 0 0 0 0 0 0 8
18.587 42 SVINFO 0 0 0 0 0 0 0
18.704 42 ROTORCRAFT_FP 0 0 -662 0 0 -900655 -11354 749 -4850 0 0 -951 -6197 0 0
18.740 42 INS 0 0 647 0 0 1131021 -1558 -2914 10470
18.868 42 GPS_INT 0 0 0 0 0 0 0 0 0 0 0 0 0 0 0 0 8
18.869 42 SVINFO 0 0 0 0 0 0 0
18.946 42 ROTORCRAFT_FP 0 0 -737 0 0 -2139397 -12815 1095 -4794 0 0 -951 -6197 0 0
18.966 42 LINK_REPORT 42 -1 19 0 16971 412 0 846. 20. 555 2.05
18.990 42 INS 0 0 761 0 0 2389541 2191 -2409 10405
19.077 42 DL_VALUE 29 0.04
19.137 42 GPS_INT 0 0 0 0 0 0 0 0 0 0 0 0 0 0 0 0 8
19.137 42 SVINFO 0 0 0 0 0 0 0
19.188 42 ROTORCRAFT_FP 0 0 -806 0 0 -3199514 11357 1453 -4874 0 0 -951 -6197 0 0
19.240 42 INS 0 0 888 0 0 3438736 6029 -1384 8993
19.263 42 AIR_DATA 100651. 0. 22.5 1006.586121 0.636799 -1. -1.
19.340 42 GPS_INT 0 0 0 0 0 0 0 0 0 0 0 0 0 0 0 0 8
19.340 42 SVINFO 0 0 0 0 0 0 0
19.364 42 WP_MOVED_ENU 10 1448 -386 253
19.471 42 STATE_FILTER_STATUS 3 3 0
19.471 42 ALIVE 245,241,57,166,41,78,173,218,186,16,142,239,108,64,167,55
19.471 42 ROTORCRAFT_FP 0 0 -935 0 0 -3963164 9705 1762 -5103 0 0 -951 -6197 0 0
19.496 42 ROTORCRAFT_STATUS 0 0 0 27 0 9 0 0 2 4 124 34
19.497 42 INS 0 0 941 0 0 4045135 8673 -371 6174
19.590 42 GPS_INT 0 0 0 0 0 0 0 0 0 0 0 0 0 0 0 0 8
19.590 42 SVINFO 0 0 0 0 0 0 0
19.721 42 ROTORCRAFT_FP 0 0 -1050 0 0 -4260550 7968 1961 -5458 0 0 -951 -6197 0 0
19.778 42 INS 0 0 952 0 0 4148504 10065 838 2494
19.866 42 GPS_INT 0 0 0 0 0 0 0 0 0 0 0 0 0 0 0 0 8
19.876 42 SVINFO 0 0 0 0 0 0 0
19.967 42 LINK_REPORT 42 -1 20 0 17801 433 0 830. 21. 585 2.05
20.025 42 ROTORCRAFT_NAV_STATUS 33 0 0.8 0. 0 2 0
20.027 42 INS 0 0 1001 0 0 3799021 10061 2039 -1524
20.098 42 GPS_INT 0 0 0 0 0 0 0 0 0 0 0 0 0 0 0 0 8
20.098 42 SVINFO 0 0 0 0 0 0 0
20.099 42 I2C_ERRORS 0 0 0 0 0 0 0 0 0 0 0 0
20.099 42 I2C_ERRORS 0 0 0 0 0 0 0 0 0 0 0 1
20.099 42 I2C_ERRORS 0 0 0 0 0 0 0 0 0 0 0 2
20.184 42 DL_VALUE 30 0.9
20.195 42 ROTORCRAFT_FP 0 0 -923 0 0 -3095478 4364 1894 -6298 0 0 -951 -6197 0 0
20.264 42 INS 0 0 998 0 0 2969458 8299 2663 -5265
20.303 42 ENERGY 12.4 0. 0 0.
20.317 42 AUTOPILOT_VERSION 51300 v5.13_devel-166-gae18987-dirty
20.347 42 GPS_INT 0 0 0 0 0 0 0 0 0 0 0 0 0 0 0 0 8
20.347 42 SVINFO 0 0 0 0 0 0 0
20.509 42 ROTORCRAFT_FP 0 0 -948 0 0 -2031892 2651 1638 -6603 0 0 -951 -6197 0 0
20.510 42 PONG 
20.510 42 INS 0 0 996 0 0 1829466 5351 2921 -7915
20.572 42 AIR_DATA 100652. 0. 22.549999 1006.586121 0.554887 -1. -1.
20.622 42 GPS_INT 0 0 0 0 0 0 0 0 0 0 0 0 0 0 0 0 8
20.622 42 SVINFO 0 0 0 0 0 0 0
20.673 42 WP_MOVED_ENU 11 -199 -1203 256
20.701 42 ROTORCRAFT_STATUS 0 0 0 23 0 9 0 0 2 4 124 35
20.702 42 ROTORCRAFT_FP 0 0 -835 0 0 -669730 1041 1301 -6764 0 0 -951 -6197 0 0
20.706 42 WIND_INFO 42 5 0. 0. 0. 0.
20.755 42 INS 0 0 777 0 0 362686 1466 2768 -9409
20.868 42 GPS_INT 0 0 0 0 0 0 0 0 0 0 0 0 0 0 0 0 8
20.868 42 SVINFO 0 0 0 0 0 0 0
20.961 42 ROTORCRAFT_FP 0 0 -682 0 0 752238 -537 924 -6774 0 0 -951 -6197 0 0
20.968 42 LINK_REPORT 42 -1 21 0 18855 460 0 1054. 27. 617 53.49
21.014 42 INS 0 0 660 0 0 -1001324 -2471 2223 -9592
21.117 42 GPS_INT 0 0 0 0 0 0 0 0 0 0 0 0 0 0 0 0 8
21.117 42 SVINFO 0 0 0 0 0 0 0
21.223 42 ROTORCRAFT_FP 0 0 -634 0 0 1822053 -1977 594 -6655 0 0 -951 -6197 0 0
21.266 42 INS 0 0 585 0 0 -2045069 -5782 1229 -8074
21.307 42 DL_VALUE 31 600.
21.367 42 GPS_INT 0 0 0 0 0 0 0 0 0 0 0 0 0 0 0 0 8
21.367 42 SVINFO 0 0 0 0 0 0 0
21.475 42 ROTORCRAFT_FP 0 0 -569 0 0 2583807 -3378 332 -6436 0 0 -951 -6197 0 0
21.515 42 ALIVE 245,241,57,166,41,78,173,218,186,16,142,239,108,64,167,55
21.516 42 INS 0 0 503 0 0 -2737956 -8323 177 -5663
21.614 42 ROTORCRAFT_NAV_STATUS 34 0 0.8 0. 0 2 0
21.618 42 GPS_INT 0 0 0 0 0 0 0 0 0 0 0 0 0 0 0 0 8
21.618 42 SVINFO 0 0 0 0 0 0 0
21.720 42 ROTORCRAFT_FP 0 0 -505 0 0 2938651 -4759 159 -6148 0 0 -951 -6197 0 0
21.770 42 INS 0 0 516 0 0 -2936864 -9869 -980 -2622
21.872 42 GPS_INT 0 0 0 0 0 0 0 0 0 0 0 0 0 0 0 0 8
21.873 42 SVINFO 0 0 0 0 0 0 0
21.893 42 AIR_DATA 100652. 0. 22.59 1006.586121 0.554887 -1. -1.
21.907 42 ROTORCRAFT_STATUS 0 0 0 31 0 9 0 0 2 4 124 36
21.968 42 LINK_REPORT 42 -1 22 0 19675 480 0 820. 20. 646 53.49
21.971 42 ROTORCRAFT_FP 0 0 -423 0 0 2876595 -6145 92 -5819 0 0 -951 -6197 0 0
21.998 42 WP_MOVED_ENU 12 -954 -2 253
22.025 42 INS 0 0 417 0 0 -2801271 -10217 -1913 1047
22.124 42 GPS_INT 0 0 0 0 0 0 0 0 0 0 0 0 0 0 0 0 8
22.124 42 SVINFO 0 0 0 0 0 0 0
22.224 42 ROTORCRAFT_FP 0 0 -502 0 0 2254689 -7518 137 -5487 0 0 -951 -6197 0 0
22.274 42 INS 0 0 447 0 0 -2150897 -9340 -2735 4406
22.376 42 GPS_INT 0 0 0 0 0 0 0 0 0 0 0 0 0 0 0 0 8
22.376 42 SVINFO 0 0 0 0 0 0 0
22.414 42 DL_VALUE 32 28.
22.476 42 ROTORCRAFT_FP 0 0 -549 0 0 1326631 -8899 291 -5186 0 0 -951 -6197 0 0
22.530 42 INS 0 0 518 0 0 -1137223 -7079 -3152 7381
22.623 42 STATE_FILTER_STATUS 3 3 0
22.628 42 GPS_INT 0 0 0 0 0 0 0 0 0 0 0 0 0 0 0 0 8
22.628 42 SVINFO 0 0 0 0 0 0 0
22.730 42 ROTORCRAFT_FP 0 0 -566 0 0 182401 -10308 543 -4947 0 0 -951 -6197 0 0
22.780 42 INS 0 0 613 0 0 100582 -4213 -3233 9371
22.833 42 DATALINK_REPORT 0 663 0 903 28 0
22.833 42 ENERGY 12.4 0. 0 0.
22.883 42 GPS_INT 0 0 0 0 0 0 0 0 0 0 0 0 0 0 0 0 8
22.934 42 INS_REF 392433142 30036158 500219736 519906361 43767873 45110 0 100646.
22.969 42 LINK_REPORT 42 -1 23 0 20550 501 0 875. 21. 676 53.49
22.981 42 ROTORCRAFT_FP 0 0 -701 0 0 -1150794 -11739 867 -4803 0 0 -951 -6197 0 0
23.039 42 INS 0 0 692 0 0 1385205 -384 -2846 10401
23.110 42 ROTORCRAFT_STATUS 0 0 0 29 0 9 0 0 2 4 124 37
23.134 42 GPS_INT 0 0 0 0 0 0 0 0 0 0 0 0 0 0 0 0 8
23.134 42 SVINFO 0 0 0 0 0 0 0
23.216 42 AIR_DATA 100651. 0. 22.639999 1006.586121 0.636799 -1. -1.
23.227 42 ROTORCRAFT_NAV_STATUS 36 0 0.8 0. 0 2 0
23.234 42 ROTORCRAFT_FP 0 0 -811 0 0 -2398573 12508 1227 -4781 0 0 -951 -6197 0 0
23.286 42 INS 0 0 822 0 0 2624597 3301 -2162 10139
23.305 42 WP_MOVED_ENU 13 327 993 253
23.388 42 GPS_INT 0 0 0 0 0 0 0 0 0 0 0 0 0 0 0 0 8
23.487 42 ROTORCRAFT_FP 0 0 -816 0 0 -3328037 10920 1583 -4903 0 0 -951 -6197 0 0
23.526 42 DL_VALUE 33 0.0397
23.542 42 INS 0 0 902 0 0 3548038 6755 -1223 8225
23.636 42 ALIVE 245,241,57,166,41,78,173,218,186,16,142,239,108,64,167,55
23.639 42 GPS_INT 0 0 0 0 0 0 0 0 0 0 0 0 0 0 0 0 8
23.639 42 SVINFO 0 0 0 0 0 0 0
23.740 42 ROTORCRAFT_FP 0 0 -923 0 0 -3966577 9236 1873 -5175 0 0 -951 -6197 0 0
23.790 42 INS 0 0 875 0 0 3979200 9175 79 5251
23.892 42 GPS_INT 0 0 0 0 0 0 0 0 0 0 0 0 0 0 0 0 8
23.892 42 SVINFO 0 0 0 0 0 0 0
23.969 42 LINK_REPORT 42 -1 24 0 21441 522 0 891. 21. 706 53.49
23.991 42 ROTORCRAFT_FP 0 0 -1019 0 0 -4129415 7457 2037 -5570 0 0 -951 -6197 0 0
24.042 42 INS 0 0 944 0 0 4016849 10213 1160 1274
24.142 42 GPS_INT 0 0 0 0 0 0 0 0 0 0 0 0 0 0 0 0 8
24.142 42 SVINFO 0 0 0 0 0 0 0
24.243 42 ROTORCRAFT_FP 0 0 -1078 0 0 -3763003 5639 2038 -6013 0 0 -951 -6197 0 0
24.244 42 I2C_ERRORS 0 0 0 0 0 0 0 0 0 0 0 0
24.245 42 I2C_ERRORS 0 0 0 0 0 0 0 0 0 0 0 1
24.295 42 INS 0 0 1001 0 0 3555650 9672 2212 -2565
24.321 42 ROTORCRAFT_STATUS 0 0 0 30 0 9 0 0 2 4 124 38
24.393 42 GPS_INT 0 0 0 0 0 0 0 0 0 0 0 0 0 0 0 0 8
24.393 42 SVINFO 0 0 0 0 0 0 0
24.496 42 ROTORCRAFT_FP 0 0 -957 0 0 -2808799 3857 1875 -6406 0 0 -951 -6197 0 0
24.514 42 AIR_DATA 100654. 0. 22.690001 1006.586121 0.385779 -1. -1.
24.545 42 INS 0 0 1025 0 0 2657092 7467 2821 -6257
24.616 42 WP_MOVED_ENU 14 1134 -345 253
24.635 42 DL_VALUE 34 600.
24.647 42 GPS_INT 0 0 0 0 0 0 0 0 0 0 0 0 0 0 0 0 8
24.647 42 SVINFO 0 0 0 0 0 0 0
24.748 42 ROTORCRAFT_FP 0 0 -876 0 0 -1581577 2157 1582 -6679 0 0 -951 -6197 0 0
24.799 42 INS 0 0 870 0 0 1323153 4104 3044 -8625
24.842 42 ROTORCRAFT_NAV_STATUS 38 0 0.8 0. 0 2 0
24.901 42 GPS_INT 0 0 0 0 0 0 0 0 0 0 0 0 0 0 0 0 8
24.906 42 SVINFO 0 0 0 0 0 0 0
24.970 42 LINK_REPORT 42 -1 25 0 22389 545 0 948. 23. 736 53.49
25.003 42 ROTORCRAFT_FP 0 0 -800 0 0 -241494 568 1223 -6798 0 0 -951 -6197 0 0
25.053 42 INS 0 0 737 0 0 -66973 427 2747 -9710
25.155 42 GPS_INT 0 0 0 0 0 0 0 0 0 0 0 0 0 0 0 0 8
25.155 42 SVINFO 0 0 0 0 0 0 0
25.257 42 ROTORCRAFT_FP 0 0 -689 0 0 1049659 -917 861 -6769 0 0 -951 -6197 0 0
25.314 42 INS 0 0 681 0 0 -1274399 -3393 1873 -9156
25.360 42 ENERGY 12.4 0. 0 0.
25.407 42 GPS_INT 0 0 0 0 0 0 0 0 0 0 0 0 0 0 0 0 8
25.407 42 SVINFO 0 0 0 0 0 0 0
25.457 42 PONG 
25.509 42 ROTORCRAFT_FP 0 0 -577 0 0 2111135 -2342 541 -6618 0 0 -951 -6197 0 0
25.534 42 ROTORCRAFT_STATUS 0 0 0 29 0 9 0 0 2 4 124 40
25.559 42 INS 0 0 523 0 0 -2313519 -6544 1069 -7626
25.662 42 GPS_INT 0 0 0 0 0 0 0 0 0 0 0 0 0 0 0 0 8
25.662 42 SVINFO 0 0 0 0 0 0 0
25.748 42 DL_VALUE 35 28.
25.756 42 ALIVE 245,241,57,166,41,78,173,218,186,16,142,239,108,64,167,55
25.761 42 ROTORCRAFT_FP 0 0 -494 0 0 2798933 -3746 294 -6373 0 0 -951 -6197 0 0
25.816 42 INS 0 0 420 0 0 -2939206 -8931 -207 -4821
25.835 42 AIR_DATA 100648. 0. 22.74 1006.586121 0.887819 -1. -1.
25.858 42 STATE_FILTER_STATUS 3 3 0
25.921 42 GPS_INT 0 0 0 0 0 0 0 0 0 0 0 0 0 0 0 0 8
25.922 42 SVINFO 0 0 0 0 0 0 0
25.932 42 WP_MOVED_ENU 0 0 0 256
25.971 42 LINK_REPORT 42 -1 26 0 23315 569 0 926. 24. 767 1.04
26.014 42 ROTORCRAFT_FP 0 0 -448 0 0 3033049 -5131 146 -6064 0 0 -951 -6197 0 0
26.065 42 INS 0 0 474 0 0 -2996274 -9985 -1196 -1755
26.165 42 GPS_INT 0 0 0 0 0 0 0 0 0 0 0 0 0 0 0 0 8
26.165 42 SVINFO 0 0 0 0 0 0 0
26.267 42 ROTORCRAFT_FP 0 0 -407 0 0 2831800 -6503 109 -5728 0 0 -951 -6197 0 0
26.319 42 INS 0 0 459 0 0 -2688261 -10071 -2138 1845
26.418 42 GPS_INT 0 0 0 0 0 0 0 0 0 0 0 0 0 0 0 0 8
26.420 42 SVINFO 0 0 0 0 0 0 0
26.461 42 ROTORCRAFT_NAV_STATUS 39 0 0.8 0. 0 2 0
26.528 42 ROTORCRAFT_FP 0 0 -523 0 0 2099517 -7875 184 -5396 0 0 -951 -6197 0 0
26.569 42 INS 0 0 472 0 0 -1975375 -8856 -2881 5000
26.671 42 GPS_INT 0 0 0 0 0 0 0 0 0 0 0 0 0 0 0 0 8
26.671 42 SVINFO 0 0 0 0 0 0 0
26.746 42 ROTORCRAFT_STATUS 0 0 0 30 0 9 0 0 2 4 124 41
26.770 42 ROTORCRAFT_FP 0 0 -577 0 0 1102745 -9254 367 -5105 0 0 -951 -6197 0 0
26.823 42 INS 0 0 551 0 0 -896791 -6502 -3302 7842
26.860 42 DL_VALUE 36 0.0299
26.922 42 GPS_INT 0 0 0 0 0 0 0 0 0 0 0 0 0 0 0 0 8
26.922 42 SVINFO 0 0 0 0 0 0 0
26.971 42 LINK_REPORT 42 -1 27 0 24140 588 0 825. 19. 797 1.04
27.022 42 ROTORCRAFT_FP 0 0 -630 0 0 -94941 -10654 642 -4885 0 0 -951 -6197 0 0
27.073 42 INS 0 0 631 0 0 340880 -3274 -3344 9666
27.139 42 AIR_DATA 100648. 0. 22.790001 1006.586121 0.887819 -1. -1.
27.174 42 GPS_INT 0 0 0 0 0 0 0 0 0 0 0 0 0 0 0 0 8
27.174 42 SVINFO 0 0 0 0 0 0 0
27.240 42 WP_MOVED_ENU 1 151 -148 253
27.274 42 ROTORCRAFT_FP 0 0 -701 0 0 -1370335 -12094 982 -4767 0 0 -951 -6197 0 0
27.326 42 INS 0 0 737 0 0 1647948 508 -2899 10267
27.426 42 GPS_INT 0 0 0 0 0 0 0 0 0 0 0 0 0 0 0 0 8
27.426 42 SVINFO 0 0 0 0 0 0 0
27.528 42 ROTORCRAFT_FP 0 0 -863 0 0 -2627466 12124 1353 -4779 0 0 -951 -6197 0 0
27.581 42 INS 0 0 838 0 0 2809487 4310 -2038 9522
27.680 42 GPS_INT 0 0 0 0 0 0 0 0 0 0 0 0 0 0 0 0 8
27.681 42 SVINFO 0 0 0 0 0 0 0
27.782 42 ROTORCRAFT_FP 0 0 -882 0 0 -3491972 10509 1705 -4943 0 0 -951 -6197 0 0
27.833 42 INS 0 0 971 0 0 3693134 7452 -871 7534
27.878 42 ALIVE 245,241,57,166,41,78,173,218,186,16,142,239,108,64,167,55
27.885 42 ENERGY 12.4 0. 0 0.
27.934 42 GPS_INT 0 0 0 0 0 0 0 0 0 0 0 0 0 0 0 0 8
27.934 42 SVINFO 0 0 0 0 0 0 0
27.957 42 ROTORCRAFT_STATUS 0 0 0 30 0 9 0 0 2 4 124 42
27.969 42 DL_VALUE 37 600.
27.972 42 LINK_REPORT 42 -1 28 0 25046 610 0 906. 22. 827 1.04
27.985 42 DATALINK_REPORT 0 818 0 907 30 0
28.037 42 ROTORCRAFT_FP 0 0 -936 0 0 -3977706 8796 1971 -5256 0 0 -951 -6197 0 0
28.079 42 ROTORCRAFT_NAV_STATUS 41 0 0.8 0. 0 2 0
28.094 42 INS 0 0 952 0 0 4024519 9766 299 4192
28.094 42 INS_REF 392433142 30036158 500219736 519906361 43767873 45110 0 100646.
28.185 42 GPS_INT 0 0 0 0 0 0 0 0 0 0 0 0 0 0 0 0 8
28.284 42 ROTORCRAFT_FP 0 0 -1049 0 0 -4038050 7008 2098 -5677 0 0 -951 -6197 0 0
28.337 42 INS 0 0 988 0 0 3913991 10227 1536 298
28.387 42 I2C_ERRORS 0 0 0 0 0 0 0 0 0 0 0 2
28.388 42 I2C_ERRORS 0 0 0 0 0 0 0 0 0 0 0 0
28.440 42 GPS_INT 0 0 0 0 0 0 0 0 0 0 0 0 0 0 0 0 8
28.440 42 SVINFO 0 0 0 0 0 0 0
28.454 42 AIR_DATA 100650. 0. 22.84 1006.586121 0.721353 -1. -1.
28.538 42 ROTORCRAFT_FP 0 0 -1022 0 0 -3486658 5171 2054 -6129 0 0 -951 -6197 0 0
28.555 42 WP_MOVED_ENU 2 491 245 256
28.595 42 INS 0 0 941 0 0 3252841 9264 2510 -3603
28.703 42 GPS_INT 0 0 0 0 0 0 0 0 0 0 0 0 0 0 0 0 8
28.703 42 SVINFO 0 0 0 0 0 0 0
28.792 42 ROTORCRAFT_FP 0 0 -896 0 0 -2446447 3393 1846 -6506 0 0 -951 -6197 0 0
28.843 42 INS 0 0 955 0 0 2273822 6827 2942 -7040
28.944 42 GPS_INT 0 0 0 0 0 0 0 0 0 0 0 0 0 0 0 0 8
28.944 42 SVINFO 0 0 0 0 0 0 0
28.973 42 LINK_REPORT 42 -1 29 0 25999 632 0 953. 22. 856 1.04
29.049 42 ROTORCRAFT_FP 0 0 -871 0 0 -1239960 1732 1528 -6741 0 0 -951 -6197 0 0
29.080 42 DL_VALUE 38 28.
29.088 42 STATE_FILTER_STATUS 3 3 0
29.095 42 INS 0 0 899 0 0 1009565 3323 3019 -8920
29.170 42 ROTORCRAFT_STATUS 0 0 0 30 0 9 0 0 2 4 124 43
29.196 42 GPS_INT 0 0 0 0 0 0 0 0 0 0 0 0 0 0 0 0 8
29.196 42 SVINFO 0 0 0 0 0 0 0
29.303 42 ROTORCRAFT_FP 0 0 -784 0 0 107179 172 1157 -6820 0 0 -951 -6197 0 0
29.348 42 INS 0 0 741 0 0 -390216 -554 2637 -9606
29.450 42 GPS_INT 0 0 0 0 0 0 0 0 0 0 0 0 0 0 0 0 8
29.450 42 SVINFO 0 0 0 0 0 0 0
29.550 42 ROTORCRAFT_FP 0 0 -668 0 0 1359206 -1292 797 -6756 0 0 -951 -6197 0 0
29.599 42 INS 0 0 693 0 0 -1542257 -4246 1776 -9003
29.694 42 ROTORCRAFT_NAV_STATUS 43 0 0.8 0. 0 2 0
29.702 42 GPS_INT 0 0 0 0 0 0 0 0 0 0 0 0 0 0 0 0 8
29.702 42 SVINFO 0 0 0 0 0 0 0
29.767 42 AIR_DATA 100645. 0. 22.889999 1006.586121 1.141482 -1. -1.
29.804 42 ROTORCRAFT_FP 0 0 -609 0 0 2307020 -2713 488 -6573 0 0 -951 -6197 0 0
29.854 42 INS 0 0 549 0 0 -2494986 -7158 698 -6912
29.867 42 WP_MOVED_ENU 3 491 245 256
29.956 42 GPS_INT 0 0 0 0 0 0 0 0 0 0 0 0 0 0 0 0 8
29.956 42 SVINFO 0 0 0 0 0 0 0
29.974 42 LINK_REPORT 42 -1 30 0 26893 654 0 894. 22. 886 1.04
30.006 42 ALIVE 245,241,57,166,41,78,173,218,186,16,142,239,108,64,167,55
30.073 42 ROTORCRAFT_FP 0 0 -546 0 0 2881533 -4096 263 -6306 0 0 -951 -6197 0 0
30.108 42 INS 0 0 470 0 0 -3002445 -9294 -389 -4142
30.194 42 DL_VALUE 39 0.0014
30.208 42 GPS_INT 0 0 0 0 0 0 0 0 0 0 0 0 0 0 0 0 8
30.208 42 SVINFO 0 0 0 0 0 0 0
30.310 42 ROTORCRAFT_FP 0 0 -458 0 0 3055488 -5477 141 -5982 0 0 -951 -6197 0 0
30.362 42 INS 0 0 502 0 0 -2982760 -10055 -1526 -799
30.385 42 ROTORCRAFT_STATUS 0 0 0 29 0 9 0 0 2 4 124 44
30.417 42 ENERGY 12.4 0. 0 0.
30.459 42 PONG 
30.464 42 GPS_INT 0 0 0 0 0 0 0 0 0 0 0 0 0 0 0 0 8
30.464 42 SVINFO 0 0 0 0 0 0 0
30.563 42 ROTORCRAFT_FP 0 0 -458 0 0 2720830 -6856 132 -5636 0 0 -951 -6197 0 0
30.614 42 INS 0 0 526 0 0 -2547581 -9931 -2389 2620
30.707 42 WIND_INFO 42 5 0. 0. 0. 0.
30.714 42 GPS_INT 0 0 0 0 0 0 0 0 0 0 0 0 0 0 0 0 8
30.714 42 SVINFO 0 0 0 0 0 0 0
30.815 42 ROTORCRAFT_FP 0 0 -566 0 0 1916409 -8228 239 -5307 0 0 -951 -6197 0 0
30.872 42 INS 0 0 520 0 0 -1773229 -8294 -3066 5830
30.968 42 GPS_INT 0 0 0 0 0 0 0 0 0 0 0 0 0 0 0 0 8
30.968 42 SVINFO 0 0 0 0 0 0 0
30.975 42 LINK_REPORT 42 -1 31 0 27750 675 0 857. 21. 905 1.83
31.069 42 ROTORCRAFT_FP 0 0 -609 0 0 863489 -9619 451 -5025 0 0 -951 -6197 0 0
31.083 42 AIR_DATA 100653. 0. 22.940001 1006.586121 0.470333 -1. -1.
31.120 42 INS 0 0 590 0 0 -651094 -5585 -3398 8365
31.182 42 WP_MOVED_ENU 4 197 -440 256
31.221 42 GPS_INT 0 0 0 0 0 0 0 0 0 0 0 0 0 0 0 0 8
31.221 42 SVINFO 0 0 0 0 0 0 0
31.313 42 DL_VALUE 40 0.1219
31.313 42 ROTORCRAFT_NAV_STATUS 44 0 0.8 0. 0 2 0
31.321 42 ROTORCRAFT_FP 0 0 -635 0 0 -341160 -11024 750 -4825 0 0 -951 -6197 0 0
31.396 42 INS 0 0 645 0 0 596121 -2259 -3213 10036
31.510 42 GPS_INT 0 0 0 0 0 0 0 0 0 0 0 0 0 0 0 0 8
31.510 42 SVINFO 0 0 0 0 0 0 0
31.528 42 AUTOPILOT_VERSION 51300 v5.13_devel-166-gae18987-dirty
31.573 42 ROTORCRAFT_FP 0 0 -814 0 0 -1695702 -12475 1107 -4737 0 0 -951 -6197 0 0
31.596 42 ROTORCRAFT_STATUS 0 0 2 3 0 0 0 0 0 0 124 46
31.623 42 INS 0 0 807 0 0 1919612 1428 -2814 10176
31.733 42 GPS_INT 0 0 0 0 0 0 0 0 0 0 0 0 0 0 0 0 8
31.733 42 SVINFO 0 0 0 0 0 0 0
31.836 42 ROTORCRAFT_FP 0 0 -863 0 0 -2838977 11659 1498 -4791 0 0 -863 -6197 0 0
31.887 42 INS 0 0 936 0 0 3079749 5215 -1892 8999
31.975 42 LINK_REPORT 42 -1 32 0 28594 695 0 844. 20. 913 1.83
32.016 42 GPS_INT 0 0 0 0 0 0 0 0 0 0 0 0 0 0 0 0 8
32.016 42 SVINFO 0 0 0 0 0 0 0
32.115 42 ROTORCRAFT_FP 0 0 -962 0 0 -3662539 10023 1835 -5003 0 0 -962 -6197 0 0
32.138 42 ALIVE 245,241,57,166,41,78,173,218,186,16,142,239,108,64,167,55
32.148 42 INS 0 0 1058 0 0 3847639 8243 -732 6497
32.243 42 GPS_INT 0 0 0 0 0 0 0 0 0 0 0 0 0 0 0 0 8
32.243 42 SVINFO 0 0 0 0 0 0 0
32.336 42 STATE_FILTER_STATUS 3 3 0
32.345 42 ROTORCRAFT_FP 0 0 -997 0 0 -4004953 8247 2071 -5369 0 0 -997 -6197 0 0
32.433 42 AIR_DATA 100649. 0. 22.99 1006.586121 0.805908 -1. -1.
32.434 42 DL_VALUE 41 0.
32.542 42 GPS_INT 0 0 0 0 0 0 0 0 0 0 0 0 0 0 0 0 8
32.543 42 SVINFO 0 0 0 0 0 0 0
32.543 42 WP_MOVED_ENU 5 -563 120 256
32.546 42 I2C_ERRORS 0 0 0 0 0 0 0 0 0 0 0 1
32.546 42 I2C_ERRORS 0 0 0 0 0 0 0 0 0 0 0 2
32.596 42 ROTORCRAFT_FP 0 0 -1038 0 0 -3864907 6438 2148 -5816 0 0 -1038 -6197 0 0
32.645 42 INS 0 0 1004 0 0 3743327 10113 1843 -934
32.745 42 GPS_INT 0 0 0 0 0 0 0 0 0 0 0 0 0 0 0 0 8
32.745 42 SVINFO 0 0 0 0 0 0 0
32.823 42 ROTORCRAFT_STATUS 0 0 0 21 0 4 0 0 2 1 124 47
32.849 42 ROTORCRAFT_FP 0 0 -939 0 0 -3129509 4606 2050 -6263 0 0 -939 -6197 0 0
32.899 42 INS 0 0 1015 0 0 3013315 8621 2619 -4712
32.948 42 ROTORCRAFT_NAV_STATUS 46 0 0.8 0. 0 2 0
32.953 42 ENERGY 12.4 0. 0 0.
32.975 42 LINK_REPORT 42 -1 33 0 29557 720 0 963. 25. 943 1.83
33.001 42 GPS_INT 0 0 0 0 0 0 0 0 0 0 0 0 0 0 0 0 8
33.001 42 SVINFO 0 0 0 0 0 0 0
33.107 42 ROTORCRAFT_FP 0 0 -904 0 0 -2082291 2868 1798 -6606 0 0 -904 -6197 0 0
33.153 42 INS 0 0 955 0 0 1880094 5760 3011 -7705
33.155 42 DATALINK_REPORT 0 938 0 921 23 0
33.255 42 GPS_INT 0 0 0 0 0 0 0 0 0 0 0 0 0 0 0 0 8
33.255 42 SVINFO 0 0 0 0 0 0 0
33.256 42 INS_REF 392433142 30036158 500219736 519906361 43767873 45110 0 100646.
33.362 42 ROTORCRAFT_FP 0 0 -835 0 0 -792301 1229 1450 -6797 0 0 -835 -6197 0 0
33.405 42 INS 0 0 775 0 0 488319 1973 3034 -9492
33.506 42 GPS_INT 0 0 0 0 0 0 0 0 0 0 0 0 0 0 0 0 8
33.509 42 SVINFO 0 0 0 0 0 0 0
33.541 42 DL_VALUE 42 6.
33.608 42 ROTORCRAFT_FP 0 0 -733 0 0 533786 -287 1073 -6829 0 0 -733 -6197 0 0
33.657 42 INS 0 0 697 0 0 -800279 -1789 2495 -9591
33.718 42 AIR_DATA 100652. 0. 23.040001 1006.586121 0.554887 -1. -1.
33.759 42 GPS_INT 0 0 0 0 0 0 0 0 0 0 0 0 0 0 0 0 8
33.759 42 SVINFO 0 0 0 0 0 0 0
33.819 42 WP_MOVED_ENU 6 -717 -64 256
33.860 42 ROTORCRAFT_FP 0 0 -614 0 0 1722477 -1729 720 -6724 0 0 -614 -6197 0 0
33.909 42 INS 0 0 621 0 0 -1904166 -5138 1503 -8479
33.977 42 LINK_REPORT 42 -1 34 0 30450 741 0 893. 21. 973 1.83
34.011 42 GPS_INT 0 0 0 0 0 0 0 0 0 0 0 0 0 0 0 0 8
34.011 42 SVINFO 0 0 0 0 0 0 0
34.033 42 ROTORCRAFT_STATUS 0 0 0 30 0 4 0 0 2 1 124 48
34.111 42 ROTORCRAFT_FP 0 0 -567 0 0 2556649 -3127 432 -6510 0 0 -567 -6197 0 0
34.161 42 INS 0 0 502 0 0 -2726269 -8101 410 -6300
34.257 42 ALIVE 245,241,57,166,41,78,173,218,186,16,142,239,108,64,167,55
34.263 42 GPS_INT 0 0 0 0 0 0 0 0 0 0 0 0 0 0 0 0 8
34.263 42 SVINFO 0 0 0 0 0 0 0
34.362 42 ROTORCRAFT_FP 0 0 -513 0 0 3013298 -4503 233 -6219 0 0 -513 -6197 0 0
34.435 42 INS 0 0 541 0 0 -3021970 -9707 -742 -3180
34.514 42 GPS_INT 0 0 0 0 0 0 0 0 0 0 0 0 0 0 0 0 8
34.514 42 SVINFO 0 0 0 0 0 0 0
34.588 42 ROTORCRAFT_NAV_STATUS 47 0 0.8 0. 0 2 0
34.616 42 ROTORCRAFT_FP 0 0 -493 0 0 3012274 -5877 142 -5880 0 0 -493 -6197 0 0
34.651 42 DL_VALUE 43 2.094395
34.671 42 INS 0 0 528 0 0 -2927463 -10233 -1701 67
34.768 42 GPS_INT 0 0 0 0 0 0 0 0 0 0 0 0 0 0 0 0 8
34.769 42 SVINFO 0 0 0 0 0 0 0
34.868 42 ROTORCRAFT_FP 0 0 -471 0 0 2592534 -7242 167 -5532 0 0 -471 -6197 0 0
34.919 42 INS 0 0 515 0 0 -2422251 -9555 -2696 3446
34.977 42 LINK_REPORT 42 -1 35 0 31300 761 0 850. 20. 1003 1.83
35.020 42 GPS_INT 0 0 0 0 0 0 0 0 0 0 0 0 0 0 0 0 8
35.020 42 SVINFO 0 0 0 0 0 0 0
35.034 42 AIR_DATA 100648. 0. 23.08 1006.586121 0.887819 -1. -1.
35.122 42 ROTORCRAFT_FP 0 0 -527 0 0 1737329 -8622 307 -5206 0 0 -527 -6197 0 0
35.136 42 WP_MOVED_ENU 7 -256 -1500 253
35.244 42 ROTORCRAFT_STATUS 0 0 0 30 0 4 0 0 2 1 124 49
35.278 42 GPS_INT 0 0 0 0 0 0 0 0 0 0 0 0 0 0 0 0 8
35.278 42 SVINFO 0 0 0 0 0 0 0
35.374 42 ROTORCRAFT_FP 0 0 -559 0 0 640315 -10004 548 -4942 0 0 -559 -6197 0 0
35.425 42 INS 0 0 631 0 0 -342097 -4701 -3388 8995
35.470 42 PONG 
35.479 42 ENERGY 12.4 0. 0 0.
35.526 42 GPS_INT 0 0 0 0 0 0 0 0 0 0 0 0 0 0 0 0 8
35.526 42 SVINFO 0 0 0 0 0 0 0
35.569 42 STATE_FILTER_STATUS 3 3 0
35.628 42 ROTORCRAFT_FP 0 0 -680 0 0 -673600 -11427 874 -4766 0 0 -680 -6197 0 0
35.678 42 INS 0 0 701 0 0 936818 -1066 -3269 10092
35.764 42 DL_VALUE 44 0.4
35.781 42 GPS_INT 0 0 0 0 0 0 0 0 0 0 0 0 0 0 0 0 8
35.781 42 SVINFO 0 0 0 0 0 0 0
35.930 42 INS 0 0 813 0 0 2181987 2682 -2604 10123
35.978 42 LINK_REPORT 42 -1 36 0 32091 782 0 791. 21. 1033 11.79
36.034 42 GPS_INT 0 0 0 0 0 0 0 0 0 0 0 0 0 0 0 0 8
36.040 42 SVINFO 0 0 0 0 0 0 0
36.132 42 ROTORCRAFT_FP 0 0 -824 0 0 -2963200 11287 1622 -4807 0 0 -824 -6197 0 0
36.173 42 ROTORCRAFT_NAV_STATUS 49 0 0.8 0. 0 2 0
36.183 42 INS 0 0 900 0 0 3190248 6078 -1686 8577
36.286 42 GPS_INT 0 0 0 0 0 0 0 0 0 0 0 0 0 0 0 0 8
36.287 42 SVINFO 0 0 0 0 0 0 0
36.342 42 AIR_DATA 100651. 0. 23.129999 1006.586121 0.636799 -1. -1.
36.380 42 ALIVE 245,241,57,166,41,78,173,218,186,16,142,239,108,64,167,55
36.386 42 ROTORCRAFT_FP 0 0 -949 0 0 -3730682 9607 1947 -5062 0 0 -949 -6197 0 0
36.436 42 INS 0 0 1043 0 0 3888275 8802 -359 5796
36.443 42 WP_MOVED_ENU 8 -1292 12 256
36.454 42 ROTORCRAFT_STATUS 0 0 0 29 0 4 0 0 2 1 124 51
36.538 42 GPS_INT 0 0 0 0 0 0 0 0 0 0 0 0 0 0 0 0 8
36.538 42 SVINFO 0 0 0 0 0 0 0
36.640 42 ROTORCRAFT_FP 0 0 -966 0 0 -3953939 7817 2151 -5463 0 0 -966 -6197 0 0
36.690 42 I2C_ERRORS 0 0 0 0 0 0 0 0 0 0 0 0
36.691 42 I2C_ERRORS 0 0 0 0 0 0 0 0 0 0 0 1
36.691 42 I2C_ERRORS 0 0 0 0 0 0 0 0 0 0 0 2
36.692 42 INS 0 0 917 0 0 3895752 10132 901 2093
36.791 42 GPS_INT 0 0 0 0 0 0 0 0 0 0 0 0 0 0 0 0 8
36.791 42 SVINFO 0 0 0 0 0 0 0
36.876 42 DL_VALUE 45 -5594.
36.891 42 ROTORCRAFT_FP 0 0 -1029 0 0 -3716620 5979 2187 -5932 0 0 -1029 -6197 0 0
36.944 42 INS 0 0 984 0 0 3560083 9889 2182 -2142
36.978 42 LINK_REPORT 42 -1 37 0 33097 807 0 1006. 25. 1063 11.79
37.043 42 GPS_INT 0 0 0 0 0 0 0 0 0 0 0 0 0 0 0 0 8
37.044 42 SVINFO 0 0 0 0 0 0 0
37.144 42 ROTORCRAFT_FP 0 0 -915 0 0 -2881463 4168 2044 -6368 0 0 -915 -6197 0 0
37.197 42 INS 0 0 985 0 0 2744111 8070 2920 -5721
37.296 42 GPS_INT 0 0 0 0 0 0 0 0 0 0 0 0 0 0 0 0 8
37.296 42 SVINFO 0 0 0 0 0 0 0
37.395 42 ROTORCRAFT_FP 0 0 -918 0 0 -1809248 2454 1760 -6681 0 0 -918 -6197 0 0
37.456 42 INS 0 0 960 0 0 1600252 4894 3269 -8213
37.548 42 GPS_INT 0 0 0 0 0 0 0 0 0 0 0 0 0 0 0 0 8
37.548 42 SVINFO 0 0 0 0 0 0 0
37.649 42 ROTORCRAFT_FP 0 0 -845 0 0 -499301 845 1393 -6834 0 0 -845 -6197 0 0
37.657 42 AIR_DATA 100651. 0. 23.18 1006.586121 0.636799 -1. -1.
37.668 42 ROTORCRAFT_STATUS 0 0 0 30 0 4 0 0 2 1 124 52
37.707 42 INS 0 0 814 0 0 219215 1065 3076 -9540
37.758 42 WP_MOVED_ENU 9 312 1249 256
37.790 42 ROTORCRAFT_NAV_STATUS 51 0 0.8 0. 0 2 0
37.811 42 GPS_INT 0 0 0 0 0 0 0 0 0 0 0 0 0 0 0 0 8
37.811 42 SVINFO 0 0 0 0 0 0 0
37.902 42 ROTORCRAFT_FP 0 0 -729 0 0 819364 -650 1010 -6831 0 0 -729 -6197 0 0
37.955 42 INS 0 0 727 0 0 -1055298 -2953 2061 -9284
37.979 42 LINK_REPORT 42 -1 38 0 33966 827 0 869. 20. 1093 11.79
37.987 42 DL_VALUE 46 5.
38.006 42 ENERGY 12.2 0. 0 0.
38.059 42 GPS_INT 0 0 0 0 0 0 0 0 0 0 0 0 0 0 0 0 8
38.060 42 SVINFO 0 0 0 0 0 0 0
38.160 42 ROTORCRAFT_FP 0 0 -620 0 0 1939262 -2088 664 -6693 0 0 -620 -6197 0 0
38.208 42 INS 0 0 588 0 0 -2143682 -5790 1267 -8066
38.309 42 GPS_INT 0 0 0 0 0 0 0 0 0 0 0 0 0 0 0 0 8
38.310 42 SVINFO 0 0 0 0 0 0 0
38.310 42 DATALINK_REPORT 0 1093 0 899 30 0
38.424 42 ROTORCRAFT_FP 0 0 -648 0 0 2638663 -3492 388 -6455 0 0 -648 -6197 0 0
38.424 42 INS_REF 392433142 30036158 500219736 519906361 43767873 45110 0 100646.
38.462 42 INS 0 0 581 0 0 -2780293 -7938 -1392 -5196
38.505 42 ALIVE 245,241,57,166,41,78,173,218,186,16,142,239,108,64,167,55
38.562 42 GPS_INT 0 0 0 0 0 0 0 0 0 0 0 0 0 0 0 0 8
38.562 42 SVINFO 0 0 0 0 0 0 0
38.664 42 ROTORCRAFT_FP 0 0 -695 0 0 2913061 -4847 218 -6143 0 0 -695 -6197 0 0
38.719 42 INS 0 0 723 0 0 -2914993 -10681 910 -2840
38.808 42 STATE_FILTER_STATUS 3 3 0
38.816 42 GPS_INT 0 0 0 0 0 0 0 0 0 0 0 0 0 0 0 0 8
38.820 42 SVINFO 0 0 0 0 0 0 0
38.886 42 ROTORCRAFT_STATUS 0 0 0 30 0 4 0 1 2 1 124 53
38.926 42 ROTORCRAFT_FP 0 0 -701 0 0 2812664 -6229 153 -5791 0 0 -701 -6197 0 0
38.979 42 LINK_REPORT 42 -1 39 0 34842 849 0 876. 22. 1123 11.79
38.983 42 INS 0 0 753 0 0 -2685999 -9313 -3035 -83
38.987 42 AIR_DATA 100662. 0. 23.219999 1006.586121 -0.285371 -1. -1.
39.082 42 GPS_INT 0 0 0 0 0 0 0 0 0 0 0 0 0 0 0 0 8
39.082 42 SVINFO 0 0 0 0 0 0 0
39.083 42 WP_MOVED_ENU 10 1448 -386 253
39.113 42 DL_VALUE 47 1.
39.176 42 ROTORCRAFT_FP 0 0 -681 0 0 2304628 -7597 210 -5437 0 0 -681 -6197 0 0
39.224 42 INS 0 0 691 0 0 -2145435 -7887 -4018 7109
39.326 42 GPS_INT 0 0 0 0 0 0 0 0 0 0 0 0 0 0 0 0 8
39.327 42 SVINFO 0 0 0 0 0 0 0
39.415 42 ROTORCRAFT_NAV_STATUS 52 0 0.8 0. 0 2 0
39.428 42 ROTORCRAFT_FP 0 0 -850 0 0 1294943 -8982 383 -5118 0 0 -850 -6197 0 0
39.478 42 INS 0 0 820 0 0 -1119828 -9581 -1040 6133
39.580 42 GPS_INT 0 0 0 0 0 0 0 0 0 0 0 0 0 0 0 0 8
39.580 42 SVINFO 0 0 0 0 0 0 0
39.680 42 ROTORCRAFT_FP 0 0 -984 0 0 96206 -10365 653 -4870 0 0 -984 -6197 0 0
39.731 42 INS 0 0 966 0 0 130367 -1862 -5424 8797
39.834 42 GPS_INT 0 0 0 0 0 0 0 0 0 0 0 0 0 0 0 0 8
39.834 42 SVINFO 0 0 0 0 0 0 0
39.934 42 ROTORCRAFT_FP 0 0 -926 0 0 -1074016 -11802 1003 -4722 0 0 -926 -6197 0 0
39.980 42 LINK_REPORT 42 -1 40 0 35699 869 0 857. 20. 1153 11.79
40.011 42 INS 0 0 940 0 0 1328200 3899 -3682 10283
40.089 42 GPS_INT 0 0 0 0 0 0 0 0 0 0 0 0 0 0 0 0 8
40.089 42 SVINFO 0 0 0 0 0 0 0
40.106 42 ROTORCRAFT_STATUS 0 0 0 30 0 4 0 1 2 1 124 54
40.191 42 ROTORCRAFT_FP 0 0 -1007 0 0 -2294448 12420 1391 -4706 0 0 -1007 -6197 0 0
40.224 42 DL_VALUE 48 -0.75
40.243 42 INS 0 0 1067 0 0 2553785 4099 -1027 10722
40.298 42 AIR_DATA 100663. 0. 23.219999 1006.586121 -0.369925 -1. -1.
40.345 42 GPS_INT 0 0 0 0 0 0 0 0 0 0 0 0 0 0 0 0 8
40.345 42 SVINFO 0 0 0 0 0 0 0
40.402 42 WP_MOVED_ENU 11 -199 -1203 256
40.444 42 ROTORCRAFT_FP 0 0 -1075 0 0 -3269343 10810 1768 -4850 0 0 -1075 -6197 0 0
40.460 42 PONG 
40.505 42 INS 0 0 1158 0 0 3475263 4032 -1672 10399
40.548 42 ENERGY 12.4 0. 0 0.
40.595 42 GPS_INT 0 0 0 0 0 0 0 0 0 0 0 0 0 0 0 0 8
40.595 42 SVINFO 0 0 0 0 0 0 0
40.638 42 ALIVE 245,241,57,166,41,78,173,218,186,16,142,239,108,64,167,55
40.697 42 ROTORCRAFT_FP 0 0 -1191 0 0 -3891903 9125 2065 -5153 0 0 -1191 -6197 0 0
40.709 42 WIND_INFO 42 5 0. 0. 0. 0.
40.747 42 INS 0 0 1195 0 0 3946189 11260 -463 615
40.853 42 I2C_ERRORS 0 0 0 0 0 0 0 0 0 0 0 0
40.853 42 I2C_ERRORS 0 0 0 0 0 0 0 0 0 0 0 1
40.854 42 GPS_INT 0 0 0 0 0 0 0 0 0 0 0 0 0 0 0 0 8
40.854 42 SVINFO 0 0 0 0 0 0 0
40.950 42 ROTORCRAFT_FP 0 0 -1292 0 0 -4030473 7307 2228 -5591 0 0 -1292 -6197 0 0
40.981 42 LINK_REPORT 42 -1 41 0 36679 894 0 980. 25. 1185 1.27
41.001 42 INS 0 0 1202 0 0 3928126 10861 2954 1352
41.042 42 ROTORCRAFT_NAV_STATUS 54 0 0.8 0. 0 2 0
41.103 42 GPS_INT 0 0 0 0 0 0 0 0 0 0 0 0 0 0 0 0 8
41.103 42 SVINFO 0 0 0 0 0 0 0
41.205 42 ROTORCRAFT_FP 0 0 -1298 0 0 -3618841 5420 2209 -6086 0 0 -1298 -6197 1200 0
41.255 42 INS 0 0 1220 0 0 3386901 7029 2046 -1195
41.324 42 ROTORCRAFT_STATUS 0 72 0 29 0 4 0 1 2 1 121 55
41.339 42 DL_VALUE 49 283.
41.357 42 GPS_INT 0 0 0 0 0 0 0 0 0 0 0 0 0 0 0 0 8
41.357 42 SVINFO 0 0 0 0 0 0 0
41.458 42 ROTORCRAFT_FP 0 0 -1137 0 0 -2404311 1098 990 -7872 0 0 -1137 -6197 0 0
41.512 42 INS 0 0 1198 0 0 2357115 9924 3242 -395
41.612 42 GPS_INT 0 0 0 0 0 0 0 0 0 0 0 0 0 0 0 0 8
41.612 42 SVINFO 0 0 0 0 0 0 0
41.614 42 AIR_DATA 100649. 0. 23.23 1006.586121 0.805908 -1. -1.
41.717 42 ROTORCRAFT_FP 0 0 -880 0 0 -1582690 -1831 1758 -10762 0 0 -880 -6197 0 0
41.718 42 WP_MOVED_ENU 12 -954 -2 253
41.763 42 INS 0 0 876 0 0 1468722 3750 6852 -7542
41.865 42 GPS_INT 0 0 0 0 0 0 0 0 0 0 0 0 0 0 0 0 8
41.865 42 SVINFO 0 0 0 0 0 0 0
41.963 42 ROTORCRAFT_FP 0 0 -783 0 0 -279406 -2539 2517 -11600 0 0 -783 -6197 0 0
41.981 42 LINK_REPORT 42 -1 42 0 37561 915 0 882. 21. 1214 1.27
42.014 42 INS 0 0 727 0 0 106954 353 5727 -5018
42.056 42 STATE_FILTER_STATUS 3 3 0
42.120 42 GPS_INT 0 0 0 0 0 0 0 0 0 0 0 0 0 0 0 0 8
42.121 42 SVINFO 0 0 0 0 0 0 0
42.218 42 ROTORCRAFT_FP 0 0 -681 0 0 541632 -3844 2266 -11230 0 0 -681 -6197 0 0
42.278 42 INS 0 0 675 0 0 -661217 -1750 9011 -5146
42.368 42 GPS_INT 0 0 0 0 0 0 0 0 0 0 0 0 0 0 0 0 8
42.369 42 SVINFO 0 0 0 0 0 0 0
42.452 42 DL_VALUE 50 82.
42.469 42 ROTORCRAFT_FP 0 0 -657 0 0 1004709 -5036 2091 -10799 0 0 -657 -6197 0 0
42.520 42 INS 0 0 632 0 0 -1074570 -4432 8867 -2569
42.536 42 ROTORCRAFT_STATUS 0 109 0 30 0 4 0 0 2 1 124 57
42.621 42 GPS_INT 0 0 0 0 0 0 0 0 0 0 0 0 0 0 0 0 8
42.622 42 SVINFO 0 0 0 0 0 0 0
42.659 42 ROTORCRAFT_NAV_STATUS 55 0 0.8 0. 0 2 0
42.722 42 ROTORCRAFT_FP 0 0 -610 0 0 1145455 -6205 2030 -10338 0 0 -610 -6197 0 0
42.768 42 ALIVE 245,241,57,166,41,78,173,218,186,16,142,239,108,64,167,55
42.772 42 INS 0 0 620 0 0 -1117761 -6718 7786 23
42.776 42 AUTOPILOT_VERSION 51300 v5.13_devel-166-gae18987-dirty
42.875 42 GPS_INT 0 0 0 0 0 0 0 0 0 0 0 0 0 0 0 0 8
42.876 42 SVINFO 0 0 0 0 0 0 0
42.929 42 AIR_DATA 100649. 0. 23.299999 1006.586121 0.805908 -1. -1.
42.973 42 ROTORCRAFT_FP 0 0 -621 0 0 915508 -7369 2087 -9874 0 0 -621 -6197 0 0
42.982 42 LINK_REPORT 42 -1 43 0 38502 938 0 941. 23. 1244 1.27
43.026 42 INS 0 0 635 0 0 -820826 -8282 5772 2714
43.028 42 WP_MOVED_ENU 13 327 993 253
43.079 42 ENERGY 12.4 0. 0 0.
43.126 42 GPS_INT 0 0 0 0 0 0 0 0 0 0 0 0 0 0 0 0 8
43.126 42 SVINFO 0 0 0 0 0 0 0
43.228 42 ROTORCRAFT_FP 0 0 -629 0 0 407720 -8555 2259 -9432 0 0 -629 -6197 0 0
43.281 42 INS 0 0 640 0 0 -266772 -8819 2684 4884
43.383 42 GPS_INT 0 0 0 0 0 0 0 0 0 0 0 0 0 0 0 0 8
43.383 42 SVINFO 0 0 0 0 0 0 0
43.485 42 ROTORCRAFT_FP 0 0 -702 0 0 -347684 -9765 2540 -9043 0 0 -702 -6197 0 0
43.485 42 DATALINK_REPORT 0 1249 0 899 30 0
43.538 42 INS 0 0 713 0 0 515946 -8340 -678 6303
43.565 42 DL_VALUE 51 20.
43.585 42 INS_REF 392433142 30036158 500219736 519906361 43767873 45110 0 100646.
43.636 42 GPS_INT 0 0 0 0 0 0 0 0 0 0 0 0 0 0 0 0 8
43.636 42 SVINFO 0 0 0 0 0 0 0
43.737 42 ROTORCRAFT_FP 0 0 -744 0 0 -1166911 -11035 2912 -8748 0 0 -744 -6197 0 0
43.753 42 ROTORCRAFT_STATUS 0 109 0 29 0 4 0 0 2 1 124 58
43.786 42 INS 0 0 735 0 0 1315993 -6799 -4157 7129
43.888 42 GPS_INT 0 0 0 0 0 0 0 0 0 0 0 0 0 0 0 0 8
43.888 42 SVINFO 0 0 0 0 0 0 0
43.983 42 LINK_REPORT 42 -1 44 0 39340 959 0 838. 21. 1274 1.27
43.989 42 ROTORCRAFT_FP 0 0 -820 0 0 -1976413 -12411 3345 -8600 0 0 -820 -6197 0 0
44.040 42 INS 0 0 800 0 0 2095768 -4296 -7013 6634
44.141 42 GPS_INT 0 0 0 0 0 0 0 0 0 0 0 0 0 0 0 0 8
44.142 42 SVINFO 0 0 0 0 0 0 0
44.251 42 ROTORCRAFT_FP 0 0 -875 0 0 -2612124 11753 3799 -8680 0 0 -875 -6197 0 0
44.251 42 AIR_DATA 100646. 0. 23.370001 1006.586121 1.056928 -1. -1.
44.282 42 ROTORCRAFT_NAV_STATUS 57 0 0.8 0. 0 2 0
44.293 42 INS 0 0 864 0 0 2693634 -1258 -8972 5269
44.346 42 WP_MOVED_ENU 14 1134 -345 253
44.407 42 GPS_INT 0 0 0 0 0 0 0 0 0 0 0 0 0 0 0 0 8
44.407 42 SVINFO 0 0 0 0 0 0 0
44.497 42 ROTORCRAFT_FP 0 0 -867 0 0 -2934801 9886 4196 -9095 0 0 -867 -6197 0 0
44.546 42 INS 0 0 941 0 0 3020175 2103 -9805 2971
44.647 42 GPS_INT 0 0 0 0 0 0 0 0 0 0 0 0 0 0 0 0 8
44.647 42 SVINFO 0 0 0 0 0 0 0
44.680 42 DL_VALUE 52 0.68
44.749 42 ROTORCRAFT_FP 0 0 -856 0 0 -2927516 7623 4436 -9907 0 0 -856 -6197 0 0
44.801 42 INS 0 0 842 0 0 2872717 5254 -8957 326
44.893 42 ALIVE 245,241,57,166,41,78,173,218,186,16,142,239,108,64,167,55
44.900 42 GPS_INT 0 0 0 0 0 0 0 0 0 0 0 0 0 0 0 0 8
44.900 42 SVINFO 0 0 0 0 0 0 0
44.965 42 ROTORCRAFT_STATUS 0 109 0 30 0 4 0 0 2 1 124 59
44.983 42 LINK_REPORT 42 -1 45 0 40247 981 0 907. 22. 1304 1.27
45.001 42 I2C_ERRORS 0 0 0 0 0 0 0 0 0 0 0 2
45.001 42 I2C_ERRORS 0 0 0 0 0 0 0 0 0 0 0 0
45.051 42 INS 0 0 846 0 0 2469582 7124 -6906 -2473
45.153 42 GPS_INT 0 0 0 0 0 0 0 0 0 0 0 0 0 0 0 0 8
45.153 42 SVINFO 0 0 0 0 0 0 0
45.253 42 ROTORCRAFT_FP 0 0 -896 0 0 -1966557 2991 4160 -11662 0 0 -896 -6197 0 0
45.293 42 STATE_FILTER_STATUS 3 3 0
45.305 42 INS 0 0 881 0 0 1794431 7871 -3852 -4971
45.408 42 GPS_INT 0 0 0 0 0 0 0 0 0 0 0 0 0 0 0 0 8
45.408 42 SVINFO 0 0 0 0 0 0 0
45.462 42 PONG 
45.506 42 ROTORCRAFT_FP 0 0 -845 0 0 -1059984 1162 3753 -12033 0 0 -845 -6197 0 0
45.555 42 AIR_DATA 100651. 0. 23.43 1006.586121 0.636799 -1. -1.
45.556 42 INS 0 0 869 0 0 888228 7688 -233 -6748
45.612 42 ENERGY 12.4 0. 0 0.
45.663 42 WP_MOVED_ENU 0 0 0 256
45.664 42 GPS_INT 0 0 0 0 0 0 0 0 0 0 0 0 0 0 0 0 8
45.664 42 SVINFO 0 0 0 0 0 0 0
45.759 42 ROTORCRAFT_FP 0 0 -749 0 0 -19471 -381 3302 -12077 0 0 -749 -6197 0 0
45.790 42 DL_VALUE 53 1.
45.809 42 INS 0 0 747 0 0 -175147 6039 3120 -7534
45.902 42 ROTORCRAFT_NAV_STATUS 59 0 0.8 0. 0 2 0
45.911 42 GPS_INT 0 0 0 0 0 0 0 0 0 0 0 0 0 0 0 0 8
45.912 42 SVINFO 0 0 0 0 0 0 0
45.984 42 LINK_REPORT 42 -1 46 0 41146 1005 0 899. 24. 1335 2.35
46.014 42 ROTORCRAFT_FP 0 0 -663 0 0 974956 -1740 2877 -11901 0 0 -663 -6197 0 0
46.065 42 INS 0 0 660 0 0 -1153589 3706 6274 -7194
46.165 42 GPS_INT 0 0 0 0 0 0 0 0 0 0 0 0 0 0 0 0 8
46.165 42 SVINFO 0 0 0 0 0 0 0
46.179 42 ROTORCRAFT_STATUS 0 109 0 30 0 4 0 0 2 1 124 60
46.267 42 ROTORCRAFT_FP 0 0 -594 0 0 1795802 -2992 2521 -11581 0 0 -594 -6197 0 0
46.317 42 INS 0 0 635 0 0 -1890716 797 8228 -6050
46.419 42 GPS_INT 0 0 0 0 0 0 0 0 0 0 0 0 0 0 0 0 8
46.419 42 SVINFO 0 0 0 0 0 0 0
46.529 42 ROTORCRAFT_FP 0 0 -607 0 0 2304744 -4189 2261 -11171 0 0 -607 -6197 0 0
46.571 42 INS 0 0 549 0 0 -2417357 -2381 9123 -4004
46.673 42 GPS_INT 0 0 0 0 0 0 0 0 0 0 0 0 0 0 0 0 8
46.674 42 SVINFO 0 0 0 0 0 0 0
46.774 42 ROTORCRAFT_FP 0 0 -597 0 0 2521949 -5359 2110 -10707 0 0 -597 -6197 0 0
46.825 42 INS 0 0 534 0 0 -2573773 -5166 8689 -1715
46.876 42 AIR_DATA 100648. 0. 23.48 1006.586121 0.887819 -1. -1.
46.907 42 DL_VALUE 54 510.
46.926 42 GPS_INT 0 0 0 0 0 0 0 0 0 0 0 0 0 0 0 0 8
46.933 42 SVINFO 0 0 0 0 0 0 0
46.984 42 WP_MOVED_ENU 1 151 -148 253
46.984 42 LINK_REPORT 42 -1 47 0 42005 1025 0 859. 20. 1364 2.35
47.020 42 ALIVE 245,241,57,166,41,78,173,218,186,16,142,239,108,64,167,55
47.028 42 ROTORCRAFT_FP 0 0 -549 0 0 2446513 -6518 2078 -10221 0 0 -549 -6197 0 0
47.085 42 INS 0 0 566 0 0 -2373268 -7214 7200 738
47.183 42 GPS_INT 0 0 0 0 0 0 0 0 0 0 0 0 0 0 0 0 8
47.183 42 SVINFO 0 0 0 0 0 0 0
47.282 42 ROTORCRAFT_FP 0 0 -509 0 0 2059950 -7677 2170 -9738 0 0 -509 -6197 0 0
47.333 42 INS 0 0 578 0 0 -1892423 -8676 5002 3147
47.397 42 ROTORCRAFT_STATUS 0 109 0 30 0 4 0 0 2 1 124 61
47.433 42 GPS_INT 0 0 0 0 0 0 0 0 0 0 0 0 0 0 0 0 8
47.433 42 SVINFO 0 0 0 0 0 0 0
47.524 42 ROTORCRAFT_NAV_STATUS 60 0 0.8 0. 0 2 0
47.534 42 ROTORCRAFT_FP 0 0 -629 0 0 1313501 -8839 2376 -9290 0 0 -629 -6197 0 0
47.584 42 INS 0 0 598 0 0 -1184692 -9100 1777 5038
47.686 42 GPS_INT 0 0 0 0 0 0 0 0 0 0 0 0 0 0 0 0 8
47.687 42 SVINFO 0 0 0 0 0 0 0
47.839 42 INS 0 0 621 0 0 -333565 -8202 -1576 6322
47.944 42 GPS_INT 0 0 0 0 0 0 0 0 0 0 0 0 0 0 0 0 8
47.944 42 SVINFO 0 0 0 0 0 0 0
47.985 42 LINK_REPORT 42 -1 48 0 42776 1043 0 771. 18. 1394 2.35
48.023 42 DL_VALUE 55 1.
48.040 42 ROTORCRAFT_FP 0 0 -707 0 0 -415769 -11303 3087 -8624 0 0 -707 -6197 0 0
48.098 42 INS 0 0 704 0 0 581652 -6303 -5012 6632
48.145 42 ENERGY 12.4 0. 0 0.
48.190 42 AIR_DATA 100645. 0. 23.540001 1006.586121 1.141482 -1. -1.
48.198 42 GPS_INT 0 0 0 0 0 0 0 0 0 0 0 0 0 0 0 0 8
48.198 42 SVINFO 0 0 0 0 0 0 0
48.291 42 WP_MOVED_ENU 2 491 245 256
48.300 42 ROTORCRAFT_FP 0 0 -702 0 0 -1203043 -12702 3544 -8508 0 0 -702 -6197 0 0
48.344 42 INS 0 0 757 0 0 1383955 -3659 -7593 6148
48.446 42 GPS_INT 0 0 0 0 0 0 0 0 0 0 0 0 0 0 0 0 8
48.446 42 SVINFO 0 0 0 0 0 0 0
48.536 42 STATE_FILTER_STATUS 3 3 0
48.546 42 ROTORCRAFT_FP 0 0 -830 0 0 -1895395 11417 4004 -8656 0 0 -830 -6197 0 0
48.597 42 INS 0 0 805 0 0 1966003 -338 -9363 4518
48.608 42 ROTORCRAFT_STATUS 0 109 0 30 0 4 0 0 2 1 124 63
48.656 42 DATALINK_REPORT 0 1404 0 890 30 0
48.698 42 GPS_INT 0 0 0 0 0 0 0 0 0 0 0 0 0 0 0 0 8
48.699 42 SVINFO 0 0 0 0 0 0 0
48.751 42 INS_REF 392433142 30036158 500219736 519906361 43767873 45110 0 100646.
48.802 42 ROTORCRAFT_FP 0 0 -782 0 0 -2177460 9419 4392 -9196 0 0 -782 -6197 0 0
48.850 42 INS 0 0 837 0 0 2243443 2767 -9871 2276
48.952 42 GPS_INT 0 0 0 0 0 0 0 0 0 0 0 0 0 0 0 0 8
48.952 42 SVINFO 0 0 0 0 0 0 0
48.985 42 LINK_REPORT 42 -1 49 0 43728 1067 0 952. 24. 1424 2.35
49.054 42 ROTORCRAFT_FP 0 0 -831 0 0 -2192670 7006 4583 -10166 0 0 -831 -6197 0 0
49.104 42 INS 0 0 862 0 0 2168389 5787 -8598 -388
49.134 42 DL_VALUE 56 20.
49.143 42 ROTORCRAFT_NAV_STATUS 62 0 0.8 0. 0 2 0
49.147 42 ALIVE 245,241,57,166,41,78,173,218,186,16,142,239,108,64,167,55
49.156 42 I2C_ERRORS 0 0 0 0 0 0 0 0 0 0 0 1
49.156 42 I2C_ERRORS 0 0 0 0 0 0 0 0 0 0 0 2
49.206 42 GPS_INT 0 0 0 0 0 0 0 0 0 0 0 0 0 0 0 0 8
49.206 42 SVINFO 0 0 0 0 0 0 0
49.308 42 ROTORCRAFT_FP 0 0 -895 0 0 -1872205 4499 4489 -11227 0 0 -895 -6197 0 0
49.361 42 INS 0 0 845 0 0 1723954 7613 -6092 -3227
49.463 42 GPS_INT 0 0 0 0 0 0 0 0 0 0 0 0 0 0 0 0 8
49.463 42 SVINFO 0 0 0 0 0 0 0
49.507 42 AIR_DATA 100650. 0. 23.59 1006.586121 0.721353 -1. -1.
49.560 42 ROTORCRAFT_FP 0 0 -843 0 0 -1184640 2357 4160 -11925 0 0 -843 -6197 0 0
49.607 42 WP_MOVED_ENU 3 491 245 256
49.612 42 INS 0 0 880 0 0 1054941 8180 -3004 -5363
49.714 42 SVINFO 0 0 0 0 0 0 0
49.816 42 ROTORCRAFT_FP 0 0 -731 0 0 -255291 612 3713 -12195 0 0 -731 -6197 0 0
49.837 42 ROTORCRAFT_STATUS 0 109 0 29 0 4 0 0 2 1 124 64
49.866 42 INS 0 0 736 0 0 71377 7442 768 -6903
49.965 42 GPS_INT 0 0 0 0 0 0 0 0 0 0 0 0 0 0 0 0 8
49.966 42 SVINFO 0 0 0 0 0 0 0
49.986 42 LINK_REPORT 42 -1 50 0 44636 1090 0 908. 23. 1454 2.35
50.070 42 ROTORCRAFT_FP 0 0 -694 0 0 678820 -850 3249 -12153 0 0 -694 -6197 0 0
50.118 42 INS 0 0 702 0 0 -849520 5626 4224 -7324
50.230 42 GPS_INT 0 0 0 0 0 0 0 0 0 0 0 0 0 0 0 0 8
50.231 42 SVINFO 0 0 0 0 0 0 0
50.248 42 DL_VALUE 57 0.
50.323 42 ROTORCRAFT_FP 0 0 -652 0 0 1544841 -2141 2833 -11913 0 0 -652 -6197 0 0
50.370 42 INS 0 0 667 0 0 -1684472 3172 6916 -6893
50.467 42 PONG 
50.473 42 GPS_INT 0 0 0 0 0 0 0 0 0 0 0 0 0 0 0 0 8
50.474 42 SVINFO 0 0 0 0 0 0 0
50.573 42 ROTORCRAFT_FP 0 0 -543 0 0 2292090 -3357 2494 -11544 0 0 -543 -6197 0 0
50.624 42 INS 0 0 572 0 0 -2374382 -15 8722 -5489
50.677 42 ENERGY 12.4 0. 0 0.
50.709 42 WIND_INFO 42 5 0. 0. 0. 0.
50.725 42 GPS_INT 0 0 0 0 0 0 0 0 0 0 0 0 0 0 0 0 8
50.733 42 SVINFO 0 0 0 0 0 0 0
50.763 42 ROTORCRAFT_NAV_STATUS 64 0 0.8 0. 0 2 0
50.821 42 AIR_DATA 100644. 0. 23.639999 1006.586121 1.223394 -1. -1.
50.827 42 ROTORCRAFT_FP 0 0 -548 0 0 2691612 -4517 2257 -11101 0 0 -548 -6197 0 0
50.877 42 INS 0 0 480 0 0 -2787900 -2947 9241 -3415
50.922 42 WP_MOVED_ENU 4 197 -440 256
50.975 42 GPS_INT 0 0 0 0 0 0 0 0 0 0 0 0 0 0 0 0 8
50.975 42 SVINFO 0 0 0 0 0 0 0
50.987 42 LINK_REPORT 42 -1 51 0 45523 1112 0 887. 22. 1486 6.66
51.040 42 ROTORCRAFT_STATUS 0 109 0 30 0 4 0 0 2 1 124 65
51.078 42 ROTORCRAFT_FP 0 0 -520 0 0 2812063 -5657 2134 -10613 0 0 -520 -6197 0 0
51.128 42 INS 0 0 568 0 0 -2757996 -5554 8570 -1130
51.230 42 GPS_INT 0 0 0 0 0 0 0 0 0 0 0 0 0 0 0 0 8
51.230 42 SVINFO 0 0 0 0 0 0 0
51.271 42 ALIVE 245,241,57,166,41,78,173,218,186,16,142,239,108,64,167,55
51.331 42 ROTORCRAFT_FP 0 0 -494 0 0 2619517 -6797 2135 -10107 0 0 -494 -6197 0 0
51.360 42 DL_VALUE 58 0.5
51.385 42 INS 0 0 554 0 0 -2496473 -7682 6903 1445
51.494 42 GPS_INT 0 0 0 0 0 0 0 0 0 0 0 0 0 0 0 0 8
51.495 42 SVINFO 0 0 0 0 0 0 0
51.583 42 ROTORCRAFT_FP 0 0 -511 0 0 2118053 -7930 2256 -9616 0 0 -513 -6197 0 0
51.642 42 INS 0 0 547 0 0 -1963640 -8772 4298 3638
51.735 42 GPS_INT 0 0 0 0 0 0 0 0 0 0 0 0 0 0 0 0 8
51.736 42 SVINFO 0 0 0 0 0 0 0
51.774 42 STATE_FILTER_STATUS 3 3 0
51.836 42 ROTORCRAFT_FP 0 0 -606 0 0 1341296 -9080 2491 -9162 0 0 -606 -6197 0 0
51.888 42 INS 0 0 573 0 0 -1198379 -8847 957 5510
51.987 42 GPS_INT 0 0 0 0 0 0 0 0 0 0 0 0 0 0 0 0 8
51.987 42 LINK_REPORT 42 -1 52 0 46346 1131 0 823. 19. 1516 6.66
51.987 42 SVINFO 0 0 0 0 0 0 0
52.089 42 ROTORCRAFT_FP 0 0 -665 0 0 456439 -10277 2834 -8775 0 0 -665 -6197 0 0
52.135 42 AIR_DATA 100652. 0. 23.68 1006.586121 0.554887 -1. -1.
52.142 42 INS 0 0 655 0 0 -283244 -7877 -2571 6524
52.235 42 WP_MOVED_ENU 5 -495 -294 256
52.241 42 GPS_INT 0 0 0 0 0 0 0 0 0 0 0 0 0 0 0 0 8
52.241 42 SVINFO 0 0 0 0 0 0 0
52.251 42 ROTORCRAFT_STATUS 0 109 0 30 0 4 0 0 2 1 124 66
52.341 42 ROTORCRAFT_FP 0 0 -718 0 0 -435591 -11539 3256 -8508 0 0 -718 -6197 0 0
52.380 42 ROTORCRAFT_NAV_STATUS 65 0 0.8 0. 0 2 0
52.394 42 INS 0 0 709 0 0 597918 -5729 -5832 6668
52.476 42 DL_VALUE 59 1.169371
52.494 42 GPS_INT 0 0 0 0 0 0 0 0 0 0 0 0 0 0 0 0 8
52.496 42 SVINFO 0 0 0 0 0 0 0
52.599 42 ROTORCRAFT_FP 0 0 -757 0 0 -1222405 12776 3732 -8424 0 0 -757 -6197 0 0
52.647 42 INS 0 0 722 0 0 1331108 -2859 -8257 5751
52.762 42 GPS_INT 0 0 0 0 0 0 0 0 0 0 0 0 0 0 0 0 8
52.762 42 SVINFO 0 0 0 0 0 0 0
52.850 42 ROTORCRAFT_FP 0 0 -746 0 0 -1766643 11068 4207 -8649 0 0 -746 -6197 0 0
52.908 42 INS 0 0 792 0 0 1875699 271 -9648 3906
52.988 42 LINK_REPORT 42 -1 53 0 47163 1151 0 817. 20. 1545 6.66
53.001 42 GPS_INT 0 0 0 0 0 0 0 0 0 0 0 0 0 0 0 0 8
53.001 42 SVINFO 0 0 0 0 0 0 0
53.103 42 ROTORCRAFT_FP 0 0 -797 0 0 -2051957 8948 4573 -9331 0 0 -797 -6197 0 0
53.153 42 INS 0 0 849 0 0 2100084 3519 -9695 1615
53.206 42 ENERGY 12.4 0. 0 0.
53.255 42 GPS_INT 0 0 0 0 0 0 0 0 0 0 0 0 0 0 0 0 8
53.255 42 SVINFO 0 0 0 0 0 0 0
53.304 42 I2C_ERRORS 0 0 0 0 0 0 0 0 0 0 0 0
53.304 42 I2C_ERRORS 0 0 0 0 0 0 0 0 0 0 0 1
53.305 42 I2C_ERRORS 0 0 0 0 0 0 0 0 0 0 0 2
53.357 42 ROTORCRAFT_FP 0 0 -817 0 0 -1976009 6378 4706 -10460 0 0 -817 -6197 0 0
53.399 42 ALIVE 245,241,57,166,41,78,173,218,186,16,142,239,108,64,167,55
53.408 42 INS 0 0 811 0 0 1912491 6229 -8027 -1058
53.454 42 AIR_DATA 100649. 0. 23.73 1006.586121 0.805908 -1. -1.
53.467 42 ROTORCRAFT_STATUS 0 109 0 30 0 4 0 0 2 1 124 68
53.509 42 GPS_INT 0 0 0 0 0 0 0 0 0 0 0 0 0 0 0 0 8
53.509 42 SVINFO 0 0 0 0 0 0 0
53.551 42 WP_MOVED_ENU 6 -325 -642 256
53.596 42 DL_VALUE 60 0.85
53.639 42 ROTORCRAFT_FP 0 0 -835 0 0 -1573646 3865 4536 -11542 0 0 -835 -6197 0 0
53.660 42 INS 0 0 793 0 0 1423741 7790 -5528 -3676
53.762 42 GPS_INT 0 0 0 0 0 0 0 0 0 0 0 0 0 0 0 0 8
53.762 42 SVINFO 0 0 0 0 0 0 0
53.811 42 DATALINK_REPORT 0 1560 0 915 30 0
53.860 42 ROTORCRAFT_FP 0 0 -799 0 0 -870856 1804 4150 -12156 0 0 -799 -6197 0 0
53.911 42 INS_REF 392433142 30036158 500219736 519906361 43767873 45110 0 100646.
53.911 42 INS 0 0 816 0 0 725097 8131 -2105 -5748
53.988 42 LINK_REPORT 42 -1 54 0 48227 1178 0 1064. 27. 1575 6.66
54.002 42 ROTORCRAFT_NAV_STATUS 67 0 0.8 0. 0 2 0
54.023 42 GPS_INT 0 0 0 0 0 0 0 0 0 0 0 0 0 0 0 0 8
54.023 42 SVINFO 0 0 0 0 0 0 0
54.024 42 AUTOPILOT_VERSION 51300 v5.13_devel-166-gae18987-dirty
54.115 42 ROTORCRAFT_FP 0 0 -739 0 0 10435 133 3681 -12333 0 0 -739 -6197 0 0
54.169 42 INS 0 0 736 0 0 -192459 6800 1727 -6840
54.266 42 GPS_INT 0 0 0 0 0 0 0 0 0 0 0 0 0 0 0 0 8
54.267 42 SVINFO 0 0 0 0 0 0 0
54.368 42 ROTORCRAFT_FP 0 0 -697 0 0 916122 -1250 3218 -12211 0 0 -697 -6197 0 0
54.421 42 INS 0 0 695 0 0 -1089548 6683 6108 -8679
54.524 42 GPS_INT 0 0 0 0 0 0 0 0 0 0 0 0 0 0 0 0 8
54.524 42 SVINFO 0 0 0 0 0 0 0
54.622 42 ROTORCRAFT_FP 0 0 -618 0 0 1924421 -2606 2205 -11301 0 0 -618 -6197 0 0
54.673 42 INS 0 0 643 0 0 -2039924 3032 8625 -6155
54.681 42 ROTORCRAFT_STATUS 0 109 0 30 0 4 0 0 2 1 124 69
54.702 42 DL_VALUE 61 120.
54.766 42 AIR_DATA 100640. 0. 23.780001 1006.586121 1.558969 -1. -1.
54.775 42 GPS_INT 0 0 0 0 0 0 0 0 0 0 0 0 0 0 0 0 8
54.775 42 SVINFO 0 0 0 0 0 0 0
54.874 42 WP_MOVED_ENU 7 -256 -1500 253
54.881 42 ROTORCRAFT_FP 0 0 -484 0 0 2560901 -3939 1204 -10052 0 0 -484 -6197 0 0
54.927 42 INS 0 0 479 0 0 -2638862 -783 7642 -5161
54.989 42 LINK_REPORT 42 -1 55 0 49152 1200 0 925. 22. 1605 6.66
55.014 42 STATE_FILTER_STATUS 3 3 0
55.026 42 GPS_INT 0 0 0 0 0 0 0 0 0 0 0 0 0 0 0 0 8
55.026 42 SVINFO 0 0 0 0 0 0 0
55.144 42 ROTORCRAFT_FP 0 0 -520 0 0 2818562 -5114 68 -8320 0 0 -520 -6197 0 0
55.179 42 INS 0 0 450 0 0 -2896306 -3424 7743 -2485
55.292 42 GPS_INT 0 0 0 0 0 0 0 0 0 0 0 0 0 0 0 0 8
55.292 42 SVINFO 0 0 0 0 0 0 0
55.380 42 ROTORCRAFT_FP 0 0 -417 0 0 2934064 -6561 -38 -7763 0 0 -417 -6197 0 0
55.431 42 INS 0 0 436 0 0 -2888115 -4503 9628 -1135
55.466 42 PONG 
55.524 42 ALIVE 245,241,57,166,41,78,173,218,186,16,142,239,108,64,167,55
55.532 42 GPS_INT 0 0 0 0 0 0 0 0 0 0 0 0 0 0 0 0 8
55.532 42 SVINFO 0 0 0 0 0 0 0
55.620 42 ROTORCRAFT_NAV_STATUS 68 0 0.8 0. 0 2 0
55.634 42 ROTORCRAFT_FP 0 0 -391 0 0 2666886 -7754 178 -8506 0 0 -391 -6197 0 0
55.686 42 INS 0 0 415 0 0 -2565853 -4619 8238 1020
55.739 42 ENERGY 12.4 0. 0 0.
55.787 42 GPS_INT 0 0 0 0 0 0 0 0 0 0 0 0 0 0 0 0 8
55.787 42 SVINFO 0 0 0 0 0 0 0
55.819 42 DL_VALUE 62 230.
55.889 42 ROTORCRAFT_FP 0 0 -362 0 0 2126677 -7747 -878 -6860 0 0 -362 -6197 0 0
55.898 42 ROTORCRAFT_STATUS 0 109 0 30 0 4 0 0 2 1 124 70
55.944 42 INS 0 0 380 0 0 -1910111 -3846 6239 5844
55.989 42 LINK_REPORT 42 -1 56 0 50044 1223 0 892. 23. 1636 5.81
56.040 42 GPS_INT 0 0 0 0 0 0 0 0 0 0 0 0 0 0 0 0 8
56.040 42 SVINFO 0 0 0 0 0 0 0
56.081 42 AIR_DATA 100647. 0. 23.83 1006.586121 0.972374 -1. -1.
56.142 42 ROTORCRAFT_FP 0 0 -484 0 0 1289315 -8502 -2630 -1599 0 0 -484 -6197 0 0
56.183 42 WP_MOVED_ENU 8 -1292 12 256
56.196 42 INS 0 0 453 0 0 -1214392 -3711 8244 2283
56.294 42 GPS_INT 0 0 0 0 0 0 0 0 0 0 0 0 0 0 0 0 8
56.294 42 SVINFO 0 0 0 0 0 0 0
56.392 42 ROTORCRAFT_FP 0 0 -516 0 0 924821 -8807 -1500 -1091 0 0 -516 -6197 0 0
56.444 42 INS 0 0 519 0 0 -917834 -1974 8134 -289
56.544 42 GPS_INT 0 0 0 0 0 0 0 0 0 0 0 0 0 0 0 0 8
56.544 42 SVINFO 0 0 0 0 0 0 0
56.646 42 ROTORCRAFT_FP 0 0 -508 0 0 1003424 -10613 -1209 -1137 0 0 -508 -6197 0 0
56.696 42 INS 0 0 462 0 0 -1111279 -765 9341 -3203
56.798 42 GPS_INT 0 0 0 0 0 0 0 0 0 0 0 0 0 0 0 0 8
56.798 42 SVINFO 0 0 0 0 0 0 0
56.900 42 ROTORCRAFT_FP 0 0 -369 0 0 1516950 10178 -2017 -1492 0 0 -369 -6197 0 0
56.926 42 DL_VALUE 63 40.
56.957 42 INS 0 0 424 0 0 -1583741 -3204 8960 -6051
56.990 42 LINK_REPORT 42 -1 57 0 50878 1242 0 834. 19. 1666 5.81
57.052 42 GPS_INT 0 0 0 0 0 0 0 0 0 0 0 0 0 0 0 0 8
57.052 42 SVINFO 0 0 0 0 0 0 0
57.108 42 ROTORCRAFT_STATUS 0 109 0 29 0 4 0 0 2 1 124 71
57.152 42 ROTORCRAFT_FP 0 0 -362 0 0 2133370 7889 -2997 -1625 0 0 -362 -6197 0 0
57.205 42 INS 0 0 305 0 0 -2306622 -1038 6206 -7706
57.240 42 ROTORCRAFT_NAV_STATUS 70 0 0.8 0. 0 2 0
57.305 42 GPS_INT 0 0 0 0 0 0 0 0 0 0 0 0 0 0 0 0 8
57.305 42 SVINFO 0 0 0 0 0 0 0
57.395 42 AIR_DATA 100640. 0. 23.879999 1006.586121 1.558969 -1. -1.
57.406 42 ROTORCRAFT_FP 0 0 -303 0 0 2885232 2778 -5268 769 0 0 -303 -6197 0 0
57.457 42 I2C_ERRORS 0 0 0 0 0 0 0 0 0 0 0 0
57.457 42 I2C_ERRORS 0 0 0 0 0 0 0 0 0 0 0 1
57.458 42 INS 0 0 345 0 0 -2985170 2239 5701 -6910
57.497 42 WP_MOVED_ENU 9 312 1249 256
57.560 42 GPS_INT 0 0 0 0 0 0 0 0 0 0 0 0 0 0 0 0 8
57.560 42 SVINFO 0 0 0 0 0 0 0
57.649 42 ALIVE 245,241,57,166,41,78,173,218,186,16,142,239,108,64,167,55
57.661 42 ROTORCRAFT_FP 0 0 -233 0 0 3609009 -1659 -4875 3487 0 0 -233 -6197 0 0
57.710 42 INS 0 0 272 0 0 -3689532 5384 4533 -6285
57.810 42 GPS_INT 0 0 0 0 0 0 0 0 0 0 0 0 0 0 0 0 8
57.810 42 SVINFO 0 0 0 0 0 0 0
57.911 42 ROTORCRAFT_FP 0 0 -116 0 0 4292366 -3835 -4748 4213 0 0 -116 -6197 0 0
57.961 42 INS 0 0 158 0 0 -4329352 6943 1796 -6323
57.991 42 LINK_REPORT 42 -1 58 0 51838 1265 0 960. 23. 1695 5.81
58.042 42 DL_VALUE 64 0.
58.063 42 GPS_INT 0 0 0 0 0 0 0 0 0 0 0 0 0 0 0 0 8
58.063 42 SVINFO 0 0 0 0 0 0 0
58.163 42 ROTORCRAFT_FP 0 0 -272 0 0 4492554 -5997 -4920 4989 0 0 -272 -6197 0 0
58.216 42 INS 0 0 154 0 0 -4617119 8235 -1447 -4509
58.261 42 STATE_FILTER_STATUS 3 3 0
58.272 42 ENERGY 12.4 0. 0 0.
58.316 42 GPS_INT 0 0 0 0 0 0 0 0 0 0 0 0 0 0 0 0 8
58.316 42 SVINFO 0 0 0 0 0 0 0
58.323 42 ROTORCRAFT_STATUS 0 109 0 30 0 4 0 0 2 1 124 72
58.418 42 ROTORCRAFT_FP 0 0 -137 0 0 4703906 -8193 -4840 5766 0 0 -137 -6197 0 0
58.476 42 INS 0 0 15 0 0 -4779161 8775 -4160 -2668
58.574 42 GPS_INT 0 0 0 0 0 0 0 0 0 0 0 0 0 0 0 0 8
58.574 42 SVINFO 0 0 0 0 0 0 0
58.676 42 ROTORCRAFT_FP 0 0 -106 0 0 4584258 -9559 -4558 5563 0 0 -106 -6197 0 0
58.714 42 AIR_DATA 100641. 0. 23.93 1006.586121 1.474414 -1. -1.
58.725 42 INS 0 0 189 0 0 -4463931 7728 -6925 -974
58.825 42 WP_MOVED_ENU 10 1448 -386 253
58.835 42 GPS_INT 0 0 0 0 0 0 0 0 0 0 0 0 0 0 0 0 8
58.835 42 SVINFO 0 0 0 0 0 0 0
58.870 42 ROTORCRAFT_NAV_STATUS 72 0 0.8 0. 0 2 0
58.952 42 ROTORCRAFT_FP 0 0 -208 0 0 4101955 -11305 -4262 5686 0 0 -208 -6197 0 0
58.991 42 LINK_REPORT 42 -1 59 0 52710 1287 0 872. 22. 1725 5.81
59.008 42 DATALINK_REPORT 0 1716 0 895 30 0
59.009 42 INS 0 0 95 0 0 -4067779 4842 -9148 1296
59.126 42 INS_REF 392433142 30036158 500219736 519906361 43767873 45110 0 100646.
59.127 42 GPS_INT 0 0 0 0 0 0 0 0 0 0 0 0 0 0 0 0 8
59.127 42 SVINFO 0 0 0 0 0 0 0
59.991 42 LINK_REPORT 42 -1 60 0 52894 1292 0 184. 5. 1755 5.81
60.710 42 WIND_INFO 42 5 0. 0. 0. 0.
60.992 42 LINK_REPORT 42 -1 61 1 52894 1292 0 0. 0. 1787 -4994.87
61.993 42 LINK_REPORT 42 -1 62 2 52894 1292 0 0. 0. 1817 -4994.87
62.994 42 LINK_REPORT 42 -1 63 3 52894 1292 0 0. 0. 1847 -4994.87
63.994 42 LINK_REPORT 42 -1 64 4 52894 1292 0 0. 0. 1877 -4994.87
64.995 42 LINK_REPORT 42 -1 65 5 52894 1292 0 0. 0. 1907 -4994.87
65.995 42 LINK_REPORT 42 -1 66 6 52894 1292 0 0. 0. 1937 -9995.73
66.995 42 LINK_REPORT 42 -1 67 7 52894 1292 0 0. 0. 1966 -9995.73
67.996 42 LINK_REPORT 42 -1 68 8 52894 1292 0 0. 0. 1996 -9995.73
68.997 42 LINK_REPORT 42 -1 69 9 52894 1292 0 0. 0. 2026 -9995.73
69.997 42 LINK_REPORT 42 -1 70 10 52894 1292 0 0. 0. 2056 -9995.73
70.711 42 WIND_INFO 42 5 0. 0. 0. 0.
70.998 42 LINK_REPORT 42 -1 71 11 52894 1292 0 0. 0. 2086 -14996.75
71.998 42 LINK_REPORT 42 -1 72 12 52894 1292 0 0. 0. 2116 -14996.75
72.998 42 LINK_REPORT 42 -1 73 13 52894 1292 0 0. 0. 2146 -14996.75
73.999 42 LINK_REPORT 42 -1 74 14 52894 1292 0 0. 0. 2175 -14996.75
74.999 42 LINK_REPORT 42 -1 75 15 52894 1292 0 0. 0. 2205 -14996.75
76.000 42 LINK_REPORT 42 -1 76 16 52894 1292 0 0. 0. 2235 -19997.66
77.001 42 LINK_REPORT 42 -1 77 17 52894 1292 0 0. 0. 2265 -19997.66
78.001 42 LINK_REPORT 42 -1 78 18 52894 1292 0 0. 0. 2295 -19997.66
