0.347 42 INS 0 0 82 0 0 -74213 -188 -118 -80
0.406 42 INS_REF 392433142 30036158 500219736 519906361 43767873 45110 0 100552.
0.449 42 GPS_INT 0 0 0 0 0 0 0 0 0 0 0 0 0 0 0 0 8
0.449 42 SVINFO 0 0 0 0 0 0 0
0.549 42 ROTORCRAFT_FP 0 0 -102 0 0 35156 34 375 7 0 0 0 0 0 0
0.602 42 INS 0 0 101 0 0 -37218 91 -63 59
0.701 42 GPS_INT 0 0 0 0 0 0 0 0 0 0 0 0 0 0 0 0 8
0.701 42 SVINFO 0 0 0 0 0 0 0
0.802 42 DL_VALUE 5 1.
0.803 42 ROTORCRAFT_FP 0 0 -67 0 0 95270 33 375 7 0 0 -101 0 0 0
0.853 42 INS 0 0 105 0 0 -24590 -72 -110 -21
0.904 42 ROTORCRAFT_NAV_STATUS 5 0 0.8 0. 0 2 0
0.906 42 ENERGY 11.8 0. 0 0.
0.955 42 LINK_REPORT 42 -1 1 0 907 23 0 907. 23. 12 0.
0.955 42 GPS_INT 0 0 0 0 0 0 0 0 0 0 0 0 0 0 0 0 8
0.955 42 SVINFO 0 0 0 0 0 0 0
1.061 42 ROTORCRAFT_FP 0 0 -100 0 0 34159 33 376 7 0 0 -101 0 0 0
1.108 42 INS 0 0 94 0 0 -44938 55 55 -125
1.205 42 ROTORCRAFT_STATUS 0 0 0 15 0 9 0 0 2 4 118 7
1.207 42 GPS_INT 0 0 0 0 0 0 0 0 0 0 0 0 0 0 0 0 8
1.207 42 SVINFO 0 0 0 0 0 0 0
1.309 42 ROTORCRAFT_FP 0 0 -95 0 0 43638 32 376 8 0 0 -101 0 0 0
1.359 42 INS 0 0 115 0 0 -10486 -53 26 -138
1.408 42 AIR_DATA 100562. 0. 32.900002 1005.645996 0.219313 -1. -1.
1.485 42 GPS_INT 0 0 0 0 0 0 0 0 0 0 0 0 0 0 0 0 8
1.486 42 SVINFO 0 0 0 0 0 0 0
1.508 42 WP_MOVED_ENU 5 0 332 256
1.562 42 ROTORCRAFT_FP 0 0 -143 0 0 -32255 33 376 9 0 0 -101 0 0 0
1.613 42 INS 0 0 144 0 0 31348 36 -218 -57
1.715 42 GPS_INT 0 0 0 0 0 0 0 0 0 0 0 0 0 0 0 0 8
1.715 42 SVINFO 0 0 0 0 0 0 0
1.814 42 ROTORCRAFT_FP 0 0 -154 0 0 -41461 32 376 9 0 0 -101 0 0 0
1.872 42 INS 0 0 134 0 0 5143 113 -124 -66
1.916 42 DL_VALUE 6 0.
1.918 42 STATE_FILTER_STATUS 3 3 0
1.956 42 LINK_REPORT 42 -1 2 0 1778 44 0 871. 21. 42 0.
1.965 42 GPS_INT 0 0 0 0 0 0 0 0 0 0 0 0 0 0 0 0 8
1.965 42 SVINFO 0 0 0 0 0 0 0
2.067 42 ROTORCRAFT_FP 0 0 -121 0 0 19388 33 377 10 0 0 -101 0 0 0
2.117 42 INS 0 0 158 0 0 40221 -31 -3 -82
2.219 42 GPS_INT 0 0 0 0 0 0 0 0 0 0 0 0 0 0 0 0 8
2.219 42 SVINFO 0 0 0 0 0 0 0
2.319 42 ROTORCRAFT_FP 0 0 -171 0 0 -50110 33 377 10 0 0 -101 0 0 0
2.320 42 ALIVE 245,241,57,166,41,78,173,218,186,16,142,239,108,64,167,55
2.369 42 INS 0 0 177 0 0 56620 -25 54 32
2.416 42 ROTORCRAFT_STATUS 0 0 0 30 0 9 0 0 2 4 118 8
2.470 42 GPS_INT 0 0 0 0 0 0 0 0 0 0 0 0 0 0 0 0 8
2.470 42 SVINFO 0 0 0 0 0 0 0
2.526 42 ROTORCRAFT_NAV_STATUS 7 0 0.8 0. 0 2 0
2.572 42 ROTORCRAFT_FP 0 0 -159 0 0 -20154 32 378 10 0 0 -101 0 0 0
2.620 42 INS 0 0 160 0 0 19163 -7 24 77
2.717 42 AIR_DATA 100562. 0. 32.939999 1005.645996 0.219313 -1. -1.
2.720 42 GPS_INT 0 0 0 0 0 0 0 0 0 0 0 0 0 0 0 0 8
2.720 42 SVINFO 0 0 0 0 0 0 0
2.817 42 WP_MOVED_ENU 6 1 495 256
2.821 42 ROTORCRAFT_FP 0 0 -137 0 0 21389 32 378 10 0 0 -101 0 0 0
2.871 42 INS 0 0 137 0 0 -22331 -4 -132 -19
2.957 42 LINK_REPORT 42 -1 3 0 2672 65 0 894. 21. 72 0.
2.973 42 GPS_INT 0 0 0 0 0 0 0 0 0 0 0 0 0 0 0 0 8
2.973 42 SVINFO 0 0 0 0 0 0 0
3.021 42 DL_VALUE 7 9.
3.076 42 ROTORCRAFT_FP 0 0 -155 0 0 -2791 32 378 10 0 0 -101 0 0 0
3.125 42 INS 0 0 127 0 0 -41298 -46 -63 -21
3.225 42 GPS_INT 0 0 0 0 0 0 0 0 0 0 0 0 0 0 0 0 8
3.225 42 SVINFO 0 0 0 0 0 0 0
3.338 42 ROTORCRAFT_FP 0 0 -93 0 0 89456 32 378 10 0 0 -101 0 0 0
3.376 42 INS 0 0 81 0 0 -105756 -83 -80 -14
3.433 42 ENERGY 11.8 0. 0 0.
3.480 42 GPS_INT 0 0 0 0 0 0 0 0 0 0 0 0 0 0 0 0 8
3.480 42 SVINFO 0 0 0 0 0 0 0
3.582 42 ROTORCRAFT_FP 0 0 -97 0 0 74153 33 378 11 0 0 -101 0 0 0
3.629 42 ROTORCRAFT_STATUS 0 0 0 29 0 9 0 0 2 4 118 9
3.633 42 INS 0 0 95 0 0 -76054 -33 21 22
3.636 42 I2C_ERRORS 0 0 0 0 0 0 0 0 0 0 0 2
3.637 42 I2C_ERRORS 0 0 0 0 0 0 0 0 0 0 0 0
3.742 42 GPS_INT 0 0 0 0 0 0 0 0 0 0 0 0 0 0 0 0 8
3.742 42 SVINFO 0 0 0 0 0 0 0
3.832 42 ROTORCRAFT_FP 0 0 -93 0 0 72277 33 379 11 0 0 -101 0 0 0
3.883 42 INS 0 0 91 0 0 -73725 3 -53 -50
3.957 42 LINK_REPORT 42 -1 4 0 3562 86 0 890. 21. 101 0.
3.986 42 GPS_INT 0 0 0 0 0 0 0 0 0 0 0 0 0 0 0 0 8
3.986 42 SVINFO 0 0 0 0 0 0 0
4.029 42 AIR_DATA 100557. 0. 32.970001 1005.645996 0.636799 -1. -1.
4.086 42 ROTORCRAFT_FP 0 0 -73 0 0 94196 33 378 12 0 0 -101 0 0 0
4.131 42 WP_MOVED_ENU 7 -256 -1500 253
4.134 42 DL_VALUE 8 1.
4.137 42 ROTORCRAFT_NAV_STATUS 9 0 0.8 0. 0 2 0
4.137 42 INS 0 0 73 0 0 -91028 -37 -56 -11
4.238 42 GPS_INT 0 0 0 0 0 0 0 0 0 0 0 0 0 0 0 0 8
4.238 42 SVINFO 0 0 0 0 0 0 0
4.338 42 ROTORCRAFT_FP 0 0 -74 0 0 82878 33 379 12 0 0 -101 0 0 0
4.392 42 INS 0 0 106 0 0 -36113 -105 -56 -27
4.439 42 ALIVE 245,241,57,166,41,78,173,218,186,16,142,239,108,64,167,55
4.493 42 GPS_INT 0 0 0 0 0 0 0 0 0 0 0 0 0 0 0 0 8
4.493 42 SVINFO 0 0 0 0 0 0 0
4.590 42 ROTORCRAFT_FP 0 0 -119 0 0 18871 33 379 12 0 0 -101 0 0 0
4.641 42 INS 0 0 93 0 0 -54356 -26 2 -98
4.741 42 GPS_INT 0 0 0 0 0 0 0 0 0 0 0 0 0 0 0 0 8
4.741 42 SVINFO 0 0 0 0 0 0 0
4.838 42 ROTORCRAFT_STATUS 0 0 0 30 0 9 0 0 2 4 118 10
4.840 42 ROTORCRAFT_FP 0 0 -108 0 0 34754 34 380 13 0 0 -101 0 0 0
4.899 42 INS 0 0 107 0 0 -35718 -111 84 -78
4.958 42 LINK_REPORT 42 -1 5 0 4469 108 0 907. 22. 131 0.
4.995 42 GPS_INT 0 0 0 0 0 0 0 0 0 0 0 0 0 0 0 0 8
4.995 42 SVINFO 0 0 0 0 0 0 0
5.096 42 ROTORCRAFT_FP 0 0 -80 0 0 71924 34 380 13 0 0 -101 0 0 0
5.147 42 INS 0 0 111 0 0 -28716 -18 -90 -62
5.150 42 STATE_FILTER_STATUS 3 3 0
5.246 42 DL_VALUE 9 1.
5.248 42 GPS_INT 0 0 0 0 0 0 0 0 0 0 0 0 0 0 0 0 8
5.248 42 SVINFO 0 0 0 0 0 0 0
5.342 42 AIR_DATA 100559. 0. 33.009998 1005.645996 0.470333 -1. -1.
5.348 42 ROTORCRAFT_FP 0 0 -92 0 0 54487 34 379 14 0 0 -101 0 0 0
5.398 42 INS 0 0 100 0 0 -43379 37 -6 -46
5.450 42 WP_MOVED_ENU 8 -1292 12 256
5.457 42 DATALINK_REPORT 0 267 0 887 28 0
5.460 42 PONG 
5.501 42 GPS_INT 0 0 0 0 0 0 0 0 0 0 0 0 0 0 0 0 8
5.501 42 SVINFO 0 0 0 0 0 0 0
5.554 42 INS_REF 392433142 30036158 500219736 519906361 43767873 45110 0 100552.
5.599 42 ROTORCRAFT_FP 0 0 -88 0 0 61008 34 379 14 0 0 -101 0 0 0
5.652 42 INS 0 0 97 0 0 -47677 -219 -11 -112
5.754 42 ROTORCRAFT_NAV_STATUS 10 0 0.8 0. 0 2 0
5.754 42 GPS_INT 0 0 0 0 0 0 0 0 0 0 0 0 0 0 0 0 8
5.754 42 SVINFO 0 0 0 0 0 0 0
5.859 42 ROTORCRAFT_FP 0 0 -125 0 0 10974 34 380 14 0 0 -101 0 0 0
5.906 42 INS 0 0 125 0 0 -11536 8 -105 -89
5.958 42 LINK_REPORT 42 -1 6 0 5405 132 0 936. 24. 162 4.84
5.959 42 ENERGY 11.8 0. 0 0.
6.006 42 GPS_INT 0 0 0 0 0 0 0 0 0 0 0 0 0 0 0 0 8
6.006 42 SVINFO 0 0 0 0 0 0 0
6.053 42 ROTORCRAFT_STATUS 0 0 0 29 0 9 0 0 2 4 118 12
6.107 42 ROTORCRAFT_FP 0 0 -104 0 0 38875 34 379 15 0 0 -101 0 0 0
6.158 42 INS 0 0 128 0 0 -6438 135 -31 -34
6.262 42 GPS_INT 0 0 0 0 0 0 0 0 0 0 0 0 0 0 0 0 8
6.262 42 SVINFO 0 0 0 0 0 0 0
6.266 42 AUTOPILOT_VERSION 51300 v5.13_devel-166-gae18987-dirty
6.360 42 DL_VALUE 10 20.
6.362 42 ROTORCRAFT_FP 0 0 -115 0 0 27314 35 379 14 0 0 -101 0 0 0
6.412 42 INS 0 0 130 0 0 -8185 -80 9 -51
6.512 42 GPS_INT 0 0 0 0 0 0 0 0 0 0 0 0 0 0 0 0 8
6.512 42 SVINFO 0 0 0 0 0 0 0
6.566 42 ALIVE 245,241,57,166,41,78,173,218,186,16,142,239,108,64,167,55
6.612 42 ROTORCRAFT_FP 0 0 -99 0 0 51133 35 379 14 0 0 -101 0 0 0
6.654 42 AIR_DATA 100563. 0. 33.049999 1005.645996 0.134758 -1. -1.
6.671 42 INS 0 0 118 0 0 -25494 -42 -28 48
6.754 42 WP_MOVED_ENU 9 312 1249 256
6.762 42 GPS_INT 0 0 0 0 0 0 0 0 0 0 0 0 0 0 0 0 8
6.762 42 SVINFO 0 0 0 0 0 0 0
6.863 42 ROTORCRAFT_FP 0 0 -120 0 0 23287 36 380 14 0 0 -101 0 0 0
6.914 42 INS 0 0 119 0 0 -22820 79 -75 -249
6.959 42 LINK_REPORT 42 -1 7 0 6354 155 0 949. 23. 192 4.84
7.016 42 GPS_INT 0 0 0 0 0 0 0 0 0 0 0 0 0 0 0 0 8
7.016 42 SVINFO 0 0 0 0 0 0 0
7.117 42 ROTORCRAFT_FP 0 0 -149 0 0 -11055 37 380 15 0 0 -101 0 0 0
7.168 42 INS 0 0 150 0 0 10617 -62 -42 -147
7.262 42 ROTORCRAFT_STATUS 0 0 0 30 0 9 0 0 2 4 118 13
7.270 42 GPS_INT 0 0 0 0 0 0 0 0 0 0 0 0 0 0 0 0 8
7.270 42 SVINFO 0 0 0 0 0 0 0
7.369 42 ROTORCRAFT_NAV_STATUS 12 0 0.8 0. 0 2 0
7.370 42 ROTORCRAFT_FP 0 0 -145 0 0 1627 35 380 15 0 0 -101 0 0 0
7.422 42 INS 0 0 117 0 0 -37792 -12 -75 -101
7.477 42 DL_VALUE 11 180.
7.522 42 GPS_INT 0 0 0 0 0 0 0 0 0 0 0 0 0 0 0 0 8
7.522 42 SVINFO 0 0 0 0 0 0 0
7.624 42 ROTORCRAFT_FP 0 0 -162 0 0 -16866 36 380 16 0 0 -101 0 0 0
7.676 42 INS 0 0 122 0 0 -34842 -82 20 47
7.776 42 GPS_INT 0 0 0 0 0 0 0 0 0 0 0 0 0 0 0 0 8
7.776 42 SVINFO 0 0 0 0 0 0 0
7.780 42 I2C_ERRORS 0 0 0 0 0 0 0 0 0 0 0 1
7.780 42 I2C_ERRORS 0 0 0 0 0 0 0 0 0 0 0 2
7.928 42 INS 0 0 95 0 0 -67920 -158 -48 277
7.960 42 LINK_REPORT 42 -1 8 0 7179 175 0 825. 20. 222 4.84
7.969 42 AIR_DATA 100559. 0. 33.09 1005.645996 0.470333 -1. -1.
8.030 42 GPS_INT 0 0 0 0 0 0 0 0 0 0 0 0 0 0 0 0 8
8.030 42 SVINFO 0 0 0 0 0 0 0
8.070 42 WP_MOVED_ENU 10 1448 -386 253
8.130 42 ROTORCRAFT_FP 0 0 -98 0 0 59184 37 381 17 0 0 -101 0 0 0
8.180 42 INS 0 0 96 0 0 -60450 -77 -22 -133
8.287 42 GPS_INT 0 0 0 0 0 0 0 0 0 0 0 0 0 0 0 0 8
8.287 42 SVINFO 0 0 0 0 0 0 0
8.387 42 ROTORCRAFT_FP 0 0 -128 0 0 19310 37 381 16 0 0 -101 0 0 0
8.387 42 STATE_FILTER_STATUS 3 3 0
8.434 42 INS 0 0 125 0 0 -23304 57 -87 -95
8.476 42 ROTORCRAFT_STATUS 0 0 0 29 0 9 0 0 2 4 118 14
8.486 42 ENERGY 11.8 0. 0 0.
8.535 42 GPS_INT 0 0 0 0 0 0 0 0 0 0 0 0 0 0 0 0 8
8.535 42 SVINFO 0 0 0 0 0 0 0
8.582 42 DL_VALUE 12 75.
8.634 42 ROTORCRAFT_FP 0 0 -112 0 0 40996 37 381 17 0 0 -101 0 0 0
8.685 42 ALIVE 245,241,57,166,41,78,173,218,186,16,142,239,108,64,167,55
8.686 42 INS 0 0 127 0 0 -21474 67 -136 -51
8.785 42 GPS_INT 0 0 0 0 0 0 0 0 0 0 0 0 0 0 0 0 8
8.785 42 SVINFO 0 0 0 0 0 0 0
8.887 42 ROTORCRAFT_FP 0 0 -103 0 0 51108 38 381 17 0 0 -101 0 0 0
8.943 42 INS 0 0 100 0 0 -53554 106 -99 61
8.960 42 LINK_REPORT 42 -1 9 0 8097 198 0 918. 23. 252 4.84
8.988 42 ROTORCRAFT_NAV_STATUS 13 0 0.8 0. 0 2 0
9.039 42 GPS_INT 0 0 0 0 0 0 0 0 0 0 0 0 0 0 0 0 8
9.039 42 SVINFO 0 0 0 0 0 0 0
9.141 42 ROTORCRAFT_FP 0 0 -114 0 0 38546 38 382 18 0 0 -101 0 0 0
9.192 42 INS 0 0 113 0 0 -39826 -47 0 -58
9.281 42 AIR_DATA 100557. 0. 33.130001 1005.645996 0.636799 -1. -1.
9.291 42 GPS_INT 0 0 0 0 0 0 0 0 0 0 0 0 0 0 0 0 8
9.291 42 SVINFO 0 0 0 0 0 0 0
9.381 42 WP_MOVED_ENU 11 -199 -1203 256
9.393 42 ROTORCRAFT_FP 0 0 -72 0 0 88427 38 382 18 0 0 -101 0 0 0
9.443 42 INS 0 0 86 0 0 -69728 -80 -2 -44
9.545 42 GPS_INT 0 0 0 0 0 0 0 0 0 0 0 0 0 0 0 0 8
9.545 42 SVINFO 0 0 0 0 0 0 0
9.645 42 ROTORCRAFT_FP 0 0 -98 0 0 51731 39 382 18 0 0 -101 0 0 0
9.688 42 ROTORCRAFT_STATUS 0 0 0 31 0 9 0 0 2 4 118 15
9.691 42 DL_VALUE 13 145.
9.695 42 INS 0 0 77 0 0 -76998 -95 14 -18
9.797 42 GPS_INT 0 0 0 0 0 0 0 0 0 0 0 0 0 0 0 0 8
9.798 42 SVINFO 0 0 0 0 0 0 0
9.896 42 ROTORCRAFT_FP 0 0 -78 0 0 72944 40 382 18 0 0 -101 0 0 0
9.949 42 INS 0 0 69 0 0 -82520 29 -185 -47
9.961 42 LINK_REPORT 42 -1 10 0 8979 219 0 882. 21. 282 4.84
10.049 42 GPS_INT 0 0 0 0 0 0 0 0 0 0 0 0 0 0 0 0 8
10.049 42 SVINFO 0 0 0 0 0 0 0
10.152 42 ROTORCRAFT_FP 0 0 -70 0 0 77773 40 382 19 0 0 -101 0 0 0
10.211 42 INS 0 0 68 0 0 -79162 -21 79 -68
10.303 42 GPS_INT 0 0 0 0 0 0 0 0 0 0 0 0 0 0 0 0 8
10.303 42 SVINFO 0 0 0 0 0 0 0
10.408 42 ROTORCRAFT_FP 0 0 -86 0 0 55451 41 383 19 0 0 -101 0 0 0
10.455 42 INS 0 0 68 0 0 -75590 -77 105 -112
10.457 42 PONG 
10.555 42 GPS_INT 0 0 0 0 0 0 0 0 0 0 0 0 0 0 0 0 8
10.555 42 SVINFO 0 0 0 0 0 0 0
10.597 42 AIR_DATA 100561. 0. 33.16 1005.645996 0.301224 -1. -1.
10.603 42 ROTORCRAFT_NAV_STATUS 15 0 0.8 0. 0 2 0
10.609 42 DATALINK_REPORT 0 423 0 900 30 0
10.654 42 ROTORCRAFT_FP 0 0 -92 0 0 43700 41 383 19 0 0 -101 0 0 0
10.685 42 WIND_INFO 42 5 0. 0. 0. 0.
10.695 42 WP_MOVED_ENU 12 -954 -2 253
10.727 42 INS 0 0 93 0 0 -42306 25 90 16
10.727 42 INS_REF 392433142 30036158 500219736 519906361 43767873 45110 0 100552.
10.812 42 DL_VALUE 14 167.
10.818 42 ALIVE 245,241,57,166,41,78,173,218,186,16,142,239,108,64,167,55
10.819 42 GPS_INT 0 0 0 0 0 0 0 0 0 0 0 0 0 0 0 0 8
10.819 42 SVINFO 0 0 0 0 0 0 0
10.914 42 ROTORCRAFT_STATUS 0 0 0 29 0 9 0 0 2 4 118 17
10.922 42 ROTORCRAFT_FP 0 0 -118 0 0 15032 43 384 20 0 0 -101 0 0 0
10.962 42 LINK_REPORT 42 -1 11 0 9909 243 0 930. 24. 313 1.72
10.975 42 INS 0 0 117 0 0 -16307 -141 -110 -73
11.030 42 ENERGY 11.8 0. 0 0.
11.075 42 GPS_INT 0 0 0 0 0 0 0 0 0 0 0 0 0 0 0 0 8
11.075 42 SVINFO 0 0 0 0 0 0 0
11.178 42 ROTORCRAFT_FP 0 0 -100 0 0 35519 44 384 20 0 0 -101 0 0 0
11.227 42 INS 0 0 99 0 0 -36620 -86 -130 -113
11.327 42 GPS_INT 0 0 0 0 0 0 0 0 0 0 0 0 0 0 0 0 8
11.327 42 SVINFO 0 0 0 0 0 0 0
11.428 42 ROTORCRAFT_FP 0 0 -112 0 0 22265 44 385 21 0 0 -101 0 0 0
11.481 42 INS 0 0 93 0 0 -44875 -60 -139 -68
11.583 42 GPS_INT 0 0 0 0 0 0 0 0 0 0 0 0 0 0 0 0 8
11.583 42 SVINFO 0 0 0 0 0 0 0
11.632 42 STATE_FILTER_STATUS 3 3 0
11.681 42 ROTORCRAFT_FP 0 0 -72 0 0 68477 45 385 21 0 0 -101 0 0 0
11.732 42 INS 0 0 86 0 0 -51483 -28 72 103
11.834 42 GPS_INT 0 0 0 0 0 0 0 0 0 0 0 0 0 0 0 0 8
11.834 42 SVINFO 0 0 0 0 0 0 0
11.923 42 AIR_DATA 100559. 0. 33.200001 1005.645996 0.470333 -1. -1.
11.931 42 DL_VALUE 15 255.
11.935 42 ROTORCRAFT_FP 0 0 -87 0 0 47265 45 385 21 0 0 -101 0 0 0
11.939 42 I2C_ERRORS 0 0 0 0 0 0 0 0 0 0 0 0
11.940 42 I2C_ERRORS 0 0 0 0 0 0 0 0 0 0 0 1
11.940 42 I2C_ERRORS 0 0 0 0 0 0 0 0 0 0 0 2
11.962 42 LINK_REPORT 42 -1 12 0 10855 266 0 946. 23. 343 1.72
11.988 42 INS 0 0 86 0 0 -48033 -128 -133 -67
12.024 42 WP_MOVED_ENU 13 327 993 253
12.095 42 GPS_INT 0 0 0 0 0 0 0 0 0 0 0 0 0 0 0 0 8
12.095 42 SVINFO 0 0 0 0 0 0 0
12.129 42 ROTORCRAFT_STATUS 0 0 0 30 0 9 0 0 2 4 118 18
12.189 42 ROTORCRAFT_FP 0 0 -77 0 0 56073 46 385 21 0 0 -101 0 0 0
12.241 42 ROTORCRAFT_NAV_STATUS 17 0 0.8 0. 0 2 0
12.241 42 INS 0 0 75 0 0 -56983 2 61 -84
12.342 42 GPS_INT 0 0 0 0 0 0 0 0 0 0 0 0 0 0 0 0 8
12.342 42 SVINFO 0 0 0 0 0 0 0
12.442 42 ROTORCRAFT_FP 0 0 -111 0 0 15259 47 385 21 0 0 -101 0 0 0
12.492 42 INS 0 0 99 0 0 -29769 5 0 -135
12.597 42 GPS_INT 0 0 0 0 0 0 0 0 0 0 0 0 0 0 0 0 8
12.597 42 SVINFO 0 0 0 0 0 0 0
12.694 42 ROTORCRAFT_FP 0 0 -74 0 0 57515 48 385 22 0 0 -101 0 0 0
12.746 42 INS 0 0 102 0 0 -25423 -79 -45 -55
12.851 42 GPS_INT 0 0 0 0 0 0 0 0 0 0 0 0 0 0 0 0 8
12.851 42 SVINFO 0 0 0 0 0 0 0
12.947 42 ALIVE 245,241,57,166,41,78,173,218,186,16,142,239,108,64,167,55
12.948 42 ROTORCRAFT_FP 0 0 -99 0 0 29095 49 386 22 0 0 -101 0 0 0
12.963 42 LINK_REPORT 42 -1 13 0 11713 286 0 858. 20. 373 1.72
12.998 42 INS 0 0 98 0 0 -30936 -95 -90 -148
13.043 42 DL_VALUE 16 1005.645996
13.100 42 GPS_INT 0 0 0 0 0 0 0 0 0 0 0 0 0 0 0 0 8
13.100 42 SVINFO 0 0 0 0 0 0 0
13.204 42 ROTORCRAFT_FP 0 0 -130 0 0 -6808 49 386 22 0 0 -101 0 0 0
13.237 42 AIR_DATA 100565. 0. 33.23 1005.645996 -0.031708 -1. -1.
13.250 42 INS 0 0 131 0 0 6093 -114 -118 -65
13.346 42 WP_MOVED_ENU 14 1134 -345 253
13.352 42 ROTORCRAFT_STATUS 0 0 0 29 0 9 0 0 2 4 118 19
13.361 42 GPS_INT 0 0 0 0 0 0 0 0 0 0 0 0 0 0 0 0 8
13.361 42 SVINFO 0 0 0 0 0 0 0
13.452 42 ROTORCRAFT_FP 0 0 -125 0 0 3113 50 386 22 0 0 -101 0 0 0
13.505 42 INS 0 0 136 0 0 9217 3 -48 -56
13.557 42 ENERGY 11.8 0. 0 0.
13.604 42 GPS_INT 0 0 0 0 0 0 0 0 0 0 0 0 0 0 0 0 8
13.604 42 SVINFO 0 0 0 0 0 0 0
13.713 42 ROTORCRAFT_FP 0 0 -112 0 0 20111 51 386 22 0 0 -101 0 0 0
13.756 42 INS 0 0 135 0 0 5554 -16 125 1
13.859 42 ROTORCRAFT_NAV_STATUS 18 0 0.8 0. 0 2 0
13.859 42 GPS_INT 0 0 0 0 0 0 0 0 0 0 0 0 0 0 0 0 8
13.859 42 SVINFO 0 0 0 0 0 0 0
13.959 42 ROTORCRAFT_FP 0 0 -125 0 0 8279 52 387 23 0 0 -101 0 0 0
13.964 42 LINK_REPORT 42 -1 14 0 12617 308 0 904. 22. 403 1.72
14.010 42 INS 0 0 123 0 0 -11793 -160 -37 52
14.110 42 GPS_INT 0 0 0 0 0 0 0 0 0 0 0 0 0 0 0 0 8
14.110 42 SVINFO 0 0 0 0 0 0 0
14.155 42 DL_VALUE 17 1.
14.209 42 ROTORCRAFT_FP 0 0 -113 0 0 21558 53 387 23 0 0 -101 0 0 0
14.262 42 INS 0 0 113 0 0 -22042 -138 -35 -45
14.366 42 GPS_INT 0 0 0 0 0 0 0 0 0 0 0 0 0 0 0 0 8
14.366 42 SVINFO 0 0 0 0 0 0 0
14.464 42 ROTORCRAFT_FP 0 0 -74 0 0 65540 54 387 23 0 0 -101 0 0 0
14.512 42 INS 0 0 72 0 0 -67354 3 62 -10
14.547 42 AIR_DATA 100560. 0. 33.27 1005.645996 0.385779 -1. -1.
14.552 42 ROTORCRAFT_STATUS 0 0 0 30 0 9 0 0 2 4 118 20
14.614 42 GPS_INT 0 0 0 0 0 0 0 0 0 0 0 0 0 0 0 0 8
14.614 42 SVINFO 0 0 0 0 0 0 0
14.648 42 WP_MOVED_ENU 0 0 0 256
14.713 42 ROTORCRAFT_FP 0 0 -76 0 0 59873 55 387 24 0 0 -101 0 0 0
14.772 42 INS 0 0 53 0 0 -84506 -96 -90 9
14.867 42 STATE_FILTER_STATUS 3 3 0
14.867 42 GPS_INT 0 0 0 0 0 0 0 0 0 0 0 0 0 0 0 0 8
14.868 42 SVINFO 0 0 0 0 0 0 0
14.965 42 LINK_REPORT 42 -1 15 0 13422 328 0 805. 20. 433 1.72
14.967 42 ROTORCRAFT_FP 0 0 -71 0 0 61754 56 387 24 0 0 -101 0 0 0
15.018 42 INS 0 0 64 0 0 -68359 -69 -91 -74
15.069 42 ALIVE 245,241,57,166,41,78,173,218,186,16,142,239,108,64,167,55
15.120 42 GPS_INT 0 0 0 0 0 0 0 0 0 0 0 0 0 0 0 0 8
15.120 42 SVINFO 0 0 0 0 0 0 0
15.263 42 DL_VALUE 18 0.
15.270 42 INS 0 0 101 0 0 -25713 -126 -123 -86
15.372 42 GPS_INT 0 0 0 0 0 0 0 0 0 0 0 0 0 0 0 0 8
15.372 42 SVINFO 0 0 0 0 0 0 0
15.457 42 PONG 
15.471 42 ROTORCRAFT_NAV_STATUS 20 0 0.8 0. 0 2 0
15.474 42 ROTORCRAFT_FP 0 0 -128 0 0 -2915 57 387 25 0 0 -101 0 0 0
15.526 42 INS 0 0 128 0 0 1809 -130 -66 10
15.625 42 GPS_INT 0 0 0 0 0 0 0 0 0 0 0 0 0 0 0 0 8
15.626 42 SVINFO 0 0 0 0 0 0 0
15.727 42 ROTORCRAFT_FP 0 0 -136 0 0 -6363 58 388 25 0 0 -101 0 0 0
15.765 42 ROTORCRAFT_STATUS 0 0 0 30 0 9 0 0 2 4 118 21
15.777 42 INS 0 0 129 0 0 -1462 -89 -20 -86
15.781 42 DATALINK_REPORT 0 579 0 906 30 0
15.863 42 AIR_DATA 100563. 0. 33.310001 1005.645996 0.134758 -1. -1.
15.888 42 GPS_INT 0 0 0 0 0 0 0 0 0 0 0 0 0 0 0 0 8
15.889 42 SVINFO 0 0 0 0 0 0 0
15.892 42 INS_REF 392433142 30036158 500219736 519906361 43767873 45110 0 100552.
15.965 42 LINK_REPORT 42 -1 16 0 14309 351 0 887. 23. 464 1.14
15.976 42 WP_MOVED_ENU 1 151 -148 253
15.992 42 ROTORCRAFT_FP 0 0 -125 0 0 9670 60 388 26 0 0 -101 0 0 0
16.051 42 INS 0 0 129 0 0 -5408 -56 -15 -55
16.117 42 I2C_ERRORS 0 0 0 0 0 0 0 0 0 0 0 0
16.117 42 I2C_ERRORS 0 0 0 0 0 0 0 0 0 0 0 1
16.118 42 ENERGY 11.8 0. 0 0.
16.164 42 GPS_INT 0 0 0 0 0 0 0 0 0 0 0 0 0 0 0 0 8
16.165 42 SVINFO 0 0 0 0 0 0 0
16.267 42 ROTORCRAFT_FP 0 0 -86 0 0 52565 61 389 28 0 0 -101 0 0 0
16.315 42 INS 0 0 96 0 0 -41936 -145 -12 -82
16.408 42 DL_VALUE 19 0.
16.414 42 GPS_INT 0 0 0 0 0 0 0 0 0 0 0 0 0 0 0 0 8
16.415 42 SVINFO 0 0 0 0 0 0 0
16.514 42 ROTORCRAFT_FP 0 0 -65 0 0 72476 61 389 28 0 0 -101 0 0 0
16.566 42 INS 0 0 75 0 0 -62083 -127 -102 -78
16.672 42 GPS_INT 0 0 0 0 0 0 0 0 0 0 0 0 0 0 0 0 8
16.672 42 SVINFO 0 0 0 0 0 0 0
16.767 42 ROTORCRAFT_FP 0 0 -70 0 0 62736 62 389 29 0 0 -101 0 0 0
16.818 42 INS 0 0 115 0 0 -15224 -70 -75 4
16.921 42 GPS_INT 0 0 0 0 0 0 0 0 0 0 0 0 0 0 0 0 8
16.922 42 SVINFO 0 0 0 0 0 0 0
16.966 42 LINK_REPORT 42 -1 17 0 15195 372 0 886. 21. 493 1.14
17.010 42 ROTORCRAFT_STATUS 0 0 0 30 0 9 0 0 2 4 118 23
17.022 42 ROTORCRAFT_FP 0 0 -98 0 0 34846 63 389 29 0 0 -101 0 0 0
17.082 42 INS 0 0 97 0 0 -35941 134 29 -115
17.119 42 ROTORCRAFT_NAV_STATUS 22 0 0.8 0. 0 2 0
17.174 42 GPS_INT 0 0 0 0 0 0 0 0 0 0 0 0 0 0 0 0 8
17.174 42 SVINFO 0 0 0 0 0 0 0
17.205 42 AIR_DATA 100560. 0. 33.34 1005.645996 0.385779 -1. -1.
17.221 42 ALIVE 245,241,57,166,41,78,173,218,186,16,142,239,108,64,167,55
17.274 42 ROTORCRAFT_FP 0 0 -76 0 0 55077 63 390 30 0 0 -101 0 0 0
17.307 42 WP_MOVED_ENU 2 491 245 256
17.328 42 INS 0 0 75 0 0 -55795 1 131 -25
17.426 42 GPS_INT 0 0 0 0 0 0 0 0 0 0 0 0 0 0 0 0 8
17.426 42 SVINFO 0 0 0 0 0 0 0
17.522 42 DL_VALUE 20 0.
17.526 42 ROTORCRAFT_FP 0 0 -89 0 0 38120 63 390 30 0 0 -101 0 0 0
17.533 42 AUTOPILOT_VERSION 51300 v5.13_devel-166-gae18987-dirty
17.578 42 INS 0 0 113 0 0 -13580 -100 -95 -2
17.678 42 GPS_INT 0 0 0 0 0 0 0 0 0 0 0 0 0 0 0 0 8
17.679 42 SVINFO 0 0 0 0 0 0 0
17.778 42 ROTORCRAFT_FP 0 0 -84 0 0 45910 64 390 31 0 0 -101 0 0 0
17.829 42 INS 0 0 94 0 0 -34397 -35 136 -36
17.928 42 GPS_INT 0 0 0 0 0 0 0 0 0 0 0 0 0 0 0 0 8
17.928 42 SVINFO 0 0 0 0 0 0 0
17.966 42 LINK_REPORT 42 -1 18 0 16145 395 0 950. 23. 523 1.14
18.029 42 ROTORCRAFT_FP 0 0 -143 0 0 -15401 65 390 31 0 0 -101 0 0 0
18.080 42 INS 0 0 143 0 0 14613 -49 129 2
18.137 42 STATE_FILTER_STATUS 3 3 0
18.182 42 GPS_INT 0 0 0 0 0 0 0 0 0 0 0 0 0 0 0 0 8
18.182 42 SVINFO 0 0 0 0 0 0 0
18.220 42 ROTORCRAFT_STATUS 0 0 0 30 0 9 0 0 2 4 118 24
18.282 42 ROTORCRAFT_FP 0 0 -104 0 0 26406 65 389 31 0 0 -101 0 0 0
18.334 42 INS 0 0 104 0 0 -27408 -51 -125 -129
18.433 42 GPS_INT 0 0 0 0 0 0 0 0 0 0 0 0 0 0 0 0 8
18.434 42 SVINFO 0 0 0 0 0 0 0
18.516 42 AIR_DATA 100562. 0. 33.380001 1005.645996 0.219313 -1. -1.
18.534 42 ROTORCRAFT_FP 0 0 -116 0 0 15888 66 390 31 0 0 -101 0 0 0
18.586 42 INS 0 0 116 0 0 -16108 -79 -81 -20
18.617 42 WP_MOVED_ENU 3 491 245 256
18.631 42 DL_VALUE 21 1.
18.638 42 ENERGY 11.8 0. 0 0.
18.685 42 GPS_INT 0 0 0 0 0 0 0 0 0 0 0 0 0 0 0 0 8
18.686 42 SVINFO 0 0 0 0 0 0 0
18.732 42 ROTORCRAFT_NAV_STATUS 23 0 0.8 0. 0 2 0
18.785 42 ROTORCRAFT_FP 0 0 -82 0 0 50914 67 390 32 0 0 -101 0 0 0
18.838 42 INS 0 0 108 0 0 -23248 8 -102 -41
18.938 42 GPS_INT 0 0 0 0 0 0 0 0 0 0 0 0 0 0 0 0 8
18.938 42 SVINFO 0 0 0 0 0 0 0
18.967 42 LINK_REPORT 42 -1 19 0 17061 418 0 916. 23. 553 1.14
19.040 42 ROTORCRAFT_FP 0 0 -121 0 0 9549 67 390 33 0 0 -101 0 0 0
19.088 42 INS 0 0 119 0 0 -12496 -130 112 -120
19.190 42 GPS_INT 0 0 0 0 0 0 0 0 0 0 0 0 0 0 0 0 8
19.191 42 SVINFO 0 0 0 0 0 0 0
19.292 42 ROTORCRAFT_FP 0 0 -101 0 0 31073 68 390 33 0 0 -101 0 0 0
19.341 42 ALIVE 245,241,57,166,41,78,173,218,186,16,142,239,108,64,167,55
19.342 42 INS 0 0 100 0 0 -31728 -41 -23 8
19.428 42 ROTORCRAFT_STATUS 0 0 0 30 0 9 0 0 2 4 118 25
19.448 42 GPS_INT 0 0 0 0 0 0 0 0 0 0 0 0 0 0 0 0 8
19.448 42 SVINFO 0 0 0 0 0 0 0
19.543 42 ROTORCRAFT_FP 0 0 -121 0 0 7838 68 390 34 0 0 -101 0 0 0
19.594 42 INS 0 0 97 0 0 -32908 30 -10 -96
19.696 42 GPS_INT 0 0 0 0 0 0 0 0 0 0 0 0 0 0 0 0 8
19.696 42 SVINFO 0 0 0 0 0 0 0
19.738 42 DL_VALUE 22 0.5
19.796 42 ROTORCRAFT_FP 0 0 -134 0 0 -4591 68 390 34 0 0 -101 0 0 0
19.826 42 AIR_DATA 100559. 0. 33.419998 1005.645996 0.470333 -1. -1.
19.851 42 INS 0 0 113 0 0 -17398 -15 -46 55
19.925 42 WP_MOVED_ENU 4 197 -440 256
19.947 42 GPS_INT 0 0 0 0 0 0 0 0 0 0 0 0 0 0 0 0 8
19.947 42 SVINFO 0 0 0 0 0 0 0
19.968 42 LINK_REPORT 42 -1 20 0 17945 439 0 884. 21. 583 1.14
20.047 42 ROTORCRAFT_FP 0 0 -126 0 0 5945 69 390 34 0 0 -101 0 0 0
20.109 42 INS 0 0 130 0 0 -2364 -53 119 21
20.201 42 GPS_INT 0 0 0 0 0 0 0 0 0 0 0 0 0 0 0 0 8
20.202 42 SVINFO 0 0 0 0 0 0 0
20.254 42 I2C_ERRORS 0 0 0 0 0 0 0 0 0 0 0 2
20.254 42 I2C_ERRORS 0 0 0 0 0 0 0 0 0 0 0 0
20.302 42 ROTORCRAFT_FP 0 0 -100 0 0 35467 70 390 34 0 0 -101 0 0 0
20.353 42 ROTORCRAFT_NAV_STATUS 25 0 0.8 0. 0 2 0
20.353 42 INS 0 0 99 0 0 -36169 -93 143 -119
20.453 42 GPS_INT 0 0 0 0 0 0 0 0 0 0 0 0 0 0 0 0 8
20.454 42 SVINFO 0 0 0 0 0 0 0
20.457 42 PONG 
20.555 42 ROTORCRAFT_FP 0 0 -101 0 0 33179 70 389 35 0 0 -101 0 0 0
20.608 42 INS 0 0 100 0 0 -33954 -3 -9 -73
20.641 42 ROTORCRAFT_STATUS 0 0 0 29 0 9 0 0 2 4 118 26
20.687 42 WIND_INFO 42 5 0. 0. 0. 0.
20.704 42 GPS_INT 0 0 0 0 0 0 0 0 0 0 0 0 0 0 0 0 8
20.705 42 SVINFO 0 0 0 0 0 0 0
20.805 42 ROTORCRAFT_FP 0 0 -60 0 0 74690 69 387 35 0 0 -101 0 0 0
20.847 42 DL_VALUE 23 1.
20.855 42 INS 0 0 56 0 0 -77577 40 -101 37
20.957 42 GPS_INT 0 0 0 0 0 0 0 0 0 0 0 0 0 0 0 0 8
20.957 42 SVINFO 0 0 0 0 0 0 0
20.960 42 DATALINK_REPORT 0 735 0 909 30 0
20.968 42 LINK_REPORT 42 -1 21 0 18863 462 0 918. 23. 615 1.11
21.057 42 ROTORCRAFT_FP 0 0 -95 0 0 36229 70 388 36 0 0 -101 0 0 0
21.061 42 INS_REF 392433142 30036158 500219736 519906361 43767873 45110 0 100552.
21.109 42 INS 0 0 109 0 0 -21605 -11 32 -26
21.139 42 AIR_DATA 100562. 0. 33.450001 1005.645996 0.219313 -1. -1.
21.162 42 ENERGY 11.8 0. 0 0.
21.209 42 GPS_INT 0 0 0 0 0 0 0 0 0 0 0 0 0 0 0 0 8
21.210 42 SVINFO 0 0 0 0 0 0 0
21.240 42 WP_MOVED_ENU 5 5 575 256
21.311 42 ROTORCRAFT_FP 0 0 -139 0 0 -6180 71 389 37 0 0 -101 0 0 0
21.365 42 STATE_FILTER_STATUS 3 3 0
21.365 42 INS 0 0 139 0 0 6082 -84 166 -59
21.461 42 ALIVE 245,241,57,166,41,78,173,218,186,16,142,239,108,64,167,55
21.463 42 GPS_INT 0 0 0 0 0 0 0 0 0 0 0 0 0 0 0 0 8
21.463 42 SVINFO 0 0 0 0 0 0 0
21.565 42 ROTORCRAFT_FP 0 0 -106 0 0 30933 71 389 36 0 0 -101 0 0 0
21.615 42 INS 0 0 105 0 0 -31948 -183 137 7
21.729 42 GPS_INT 0 0 0 0 0 0 0 0 0 0 0 0 0 0 0 0 8
21.730 42 SVINFO 0 0 0 0 0 0 0
21.817 42 ROTORCRAFT_FP 0 0 -89 0 0 46344 67 385 37 0 0 -101 0 0 0
21.854 42 ROTORCRAFT_STATUS 0 0 0 30 0 9 0 0 2 4 118 27
21.869 42 INS 0 0 105 0 0 -28031 -112 -88 -85
21.969 42 LINK_REPORT 42 -1 22 0 19727 483 0 864. 21. 644 1.11
21.971 42 DL_VALUE 24 0.1
21.971 42 ROTORCRAFT_NAV_STATUS 26 0 0.8 0. 0 2 0
21.972 42 GPS_INT 0 0 0 0 0 0 0 0 0 0 0 0 0 0 0 0 8
21.973 42 SVINFO 0 0 0 0 0 0 0
22.070 42 ROTORCRAFT_FP 0 0 -101 0 0 35652 70 384 37 0 0 -101 0 0 0
22.132 42 INS 0 0 113 0 0 -22526 44 -24 -209
22.221 42 GPS_INT 0 0 0 0 0 0 0 0 0 0 0 0 0 0 0 0 8
22.221 42 SVINFO 0 0 0 0 0 0 0
22.324 42 ROTORCRAFT_FP 0 0 -118 0 0 20187 71 383 37 0 0 -101 0 0 0
22.373 42 INS 0 0 124 0 0 -13379 99 194 -130
22.475 42 GPS_INT 0 0 0 0 0 0 0 0 0 0 0 0 0 0 0 0 8
22.475 42 SVINFO 0 0 0 0 0 0 0
22.552 42 WP_MOVED_ENU 6 6 719 256
22.574 42 ROTORCRAFT_FP 0 0 -61 0 0 75633 69 382 38 0 0 -101 0 0 0
22.627 42 INS 0 0 59 0 0 -75052 -128 -46 53
22.727 42 GPS_INT 0 0 0 0 0 0 0 0 0 0 0 0 0 0 0 0 8
22.727 42 SVINFO 0 0 0 0 0 0 0
22.831 42 ROTORCRAFT_FP 0 0 -116 0 0 17751 70 382 38 0 0 -101 0 0 0
22.877 42 INS 0 0 93 0 0 -41717 -11 -26 -62
22.970 42 LINK_REPORT 42 -1 23 0 20548 502 0 821. 19. 674 1.11
22.981 42 GPS_INT 0 0 0 0 0 0 0 0 0 0 0 0 0 0 0 0 8
22.981 42 SVINFO 0 0 0 0 0 0 0
23.066 42 ROTORCRAFT_STATUS 0 0 0 30 0 9 0 0 2 4 118 29
23.072 42 DL_VALUE 25 1.
23.081 42 ROTORCRAFT_FP 0 0 -135 0 0 -1039 71 383 37 0 0 -101 0 0 0
23.131 42 INS 0 0 128 0 0 -6075 -3 39 47
23.233 42 GPS_INT 0 0 0 0 0 0 0 0 0 0 0 0 0 0 0 0 8
23.233 42 SVINFO 0 0 0 0 0 0 0
23.331 42 ROTORCRAFT_FP 0 0 -83 0 0 50273 71 383 37 0 0 -101 0 0 0
23.382 42 INS 0 0 70 0 0 -61742 -85 32 63
23.483 42 GPS_INT 0 0 0 0 0 0 0 0 0 0 0 0 0 0 0 0 8
23.483 42 SVINFO 0 0 0 0 0 0 0
23.583 42 ROTORCRAFT_NAV_STATUS 28 0 0.8 0. 0 2 0
23.583 42 ALIVE 245,241,57,166,41,78,173,218,186,16,142,239,108,64,167,55
23.584 42 ROTORCRAFT_FP 0 0 -65 0 0 63802 71 382 38 0 0 -101 0 0 0
23.635 42 INS 0 0 63 0 0 -63744 77 129 30
23.891 42 ENERGY 11.8 0. 0 0.
23.901 42 GPS_INT 0 0 0 0 0 0 0 0 0 0 0 0 0 0 0 0 8
23.901 42 SVINFO 0 0 0 0 0 0 0
23.901 42 AIR_DATA 100556. 0. 33.52 1005.645996 0.721353 -1. -1.
23.911 42 ROTORCRAFT_FP 0 0 -89 0 0 36492 72 382 38 0 0 -101 0 0 0
23.912 42 WP_MOVED_ENU 7 -256 -1500 253
23.912 42 INS 0 0 88 0 0 -36968 -23 196 -112
23.971 42 LINK_REPORT 42 -1 24 0 21477 525 0 929. 23. 704 1.11
23.990 42 GPS_INT 0 0 0 0 0 0 0 0 0 0 0 0 0 0 0 0 8
23.990 42 SVINFO 0 0 0 0 0 0 0
24.228 42 ROTORCRAFT_FP 0 0 -114 0 0 11623 71 382 39 0 0 -101 0 0 0
24.241 42 INS 0 0 153 0 0 26212 -24 -37 4
24.241 42 DL_VALUE 26 0.
24.252 42 GPS_INT 0 0 0 0 0 0 0 0 0 0 0 0 0 0 0 0 8
24.252 42 SVINFO 0 0 0 0 0 0 0
24.276 42 ROTORCRAFT_STATUS 0 0 0 30 0 9 0 0 2 4 118 30
24.417 42 ROTORCRAFT_FP 0 0 -117 0 0 10891 72 381 39 0 0 -101 0 0 0
24.429 42 INS 0 0 140 0 0 10507 0 121 -31
24.429 42 I2C_ERRORS 0 0 0 0 0 0 0 0 0 0 0 1
24.429 42 I2C_ERRORS 0 0 0 0 0 0 0 0 0 0 0 2
24.498 42 GPS_INT 0 0 0 0 0 0 0 0 0 0 0 0 0 0 0 0 8
24.498 42 SVINFO 0 0 0 0 0 0 0
24.595 42 STATE_FILTER_STATUS 3 3 0
24.598 42 ROTORCRAFT_FP 0 0 -76 0 0 53901 72 381 39 0 0 -101 0 0 0
24.649 42 INS 0 0 75 0 0 -54299 -111 -49 1
24.751 42 GPS_INT 0 0 0 0 0 0 0 0 0 0 0 0 0 0 0 0 8
24.751 42 SVINFO 0 0 0 0 0 0 0
24.849 42 ROTORCRAFT_FP 0 0 -48 0 0 74679 72 381 39 0 0 -101 0 0 0
24.902 42 INS 0 0 46 0 0 -75575 -61 146 57
24.971 42 LINK_REPORT 42 -1 25 0 22357 546 0 880. 21. 734 1.11
25.003 42 GPS_INT 0 0 0 0 0 0 0 0 0 0 0 0 0 0 0 0 8
25.003 42 SVINFO 0 0 0 0 0 0 0
25.080 42 AIR_DATA 100559. 0. 33.560001 1005.645996 0.470333 -1. -1.
25.106 42 ROTORCRAFT_FP 0 0 -51 0 0 67135 72 380 40 0 0 -101 0 0 0
25.154 42 INS 0 0 58 0 0 -59862 18 139 -24
25.185 42 WP_MOVED_ENU 8 -1292 12 256
25.203 42 ROTORCRAFT_NAV_STATUS 30 0 0.8 0. 0 2 0
25.256 42 GPS_INT 0 0 0 0 0 0 0 0 0 0 0 0 0 0 0 0 8
25.256 42 SVINFO 0 0 0 0 0 0 0
25.296 42 DL_VALUE 27 0.063
25.363 42 ROTORCRAFT_FP 0 0 -89 0 0 27661 73 380 40 0 0 -101 0 0 0
25.408 42 INS 0 0 90 0 0 -27699 -69 -39 54
25.473 42 PONG 
25.490 42 ROTORCRAFT_STATUS 0 0 0 30 0 9 0 0 2 4 118 31
25.510 42 GPS_INT 0 0 0 0 0 0 0 0 0 0 0 0 0 0 0 0 8
25.512 42 SVINFO 0 0 0 0 0 0 0
25.612 42 ROTORCRAFT_FP 0 0 -137 0 0 -16683 73 379 40 0 0 -101 0 0 0
25.660 42 INS 0 0 138 0 0 16166 59 -105 -157
25.707 42 ALIVE 245,241,57,166,41,78,173,218,186,16,142,239,108,64,167,55
25.767 42 GPS_INT 0 0 0 0 0 0 0 0 0 0 0 0 0 0 0 0 8
25.767 42 SVINFO 0 0 0 0 0 0 0
25.861 42 ROTORCRAFT_FP 0 0 -94 0 0 28485 72 379 40 0 0 -101 0 0 0
25.912 42 INS 0 0 94 0 0 -30136 50 -71 3
25.972 42 LINK_REPORT 42 -1 26 0 23272 569 0 915. 23. 765 15.81
26.012 42 GPS_INT 0 0 0 0 0 0 0 0 0 0 0 0 0 0 0 0 8
26.012 42 SVINFO 0 0 0 0 0 0 0
26.113 42 ROTORCRAFT_FP 0 0 -61 0 0 58610 74 379 40 0 0 -101 0 0 0
26.117 42 DATALINK_REPORT 1 890 0 894 30 0
26.172 42 INS 0 0 32 0 0 -85471 24 118 -20
26.219 42 INS_REF 392433142 30036158 500219736 519906361 43767873 45110 0 100552.
26.219 42 ENERGY 11.8 0. 0 0.
26.266 42 GPS_INT 0 0 0 0 0 0 0 0 0 0 0 0 0 0 0 0 8
26.266 42 SVINFO 0 0 0 0 0 0 0
26.367 42 ROTORCRAFT_FP 0 0 -81 0 0 37430 74 380 40 0 0 -101 0 0 0
26.392 42 AIR_DATA 100565. 0. 33.59 1005.645996 -0.031708 -1. -1.
26.416 42 DL_VALUE 28 0.9
26.418 42 INS 0 0 124 0 0 3240 -143 42 -44
26.498 42 WP_MOVED_ENU 9 312 1249 256
26.518 42 GPS_INT 0 0 0 0 0 0 0 0 0 0 0 0 0 0 0 0 8
26.518 42 SVINFO 0 0 0 0 0 0 0
26.619 42 ROTORCRAFT_FP 0 0 -131 0 0 -6321 73 379 40 0 0 -101 0 0 0
26.670 42 INS 0 0 125 0 0 -221 -139 -1 -35
26.703 42 ROTORCRAFT_STATUS 0 0 0 29 0 9 0 0 2 4 118 32
26.771 42 GPS_INT 0 0 0 0 0 0 0 0 0 0 0 0 0 0 0 0 8
26.771 42 SVINFO 0 0 0 0 0 0 0
26.818 42 ROTORCRAFT_NAV_STATUS 31 0 0.8 0. 0 2 0
26.873 42 ROTORCRAFT_FP 0 0 -84 0 0 40235 73 380 40 0 0 -101 0 0 0
26.924 42 INS 0 0 83 0 0 -40826 -112 110 75
26.973 42 LINK_REPORT 42 -1 27 0 24235 593 0 963. 24. 795 15.81
27.024 42 GPS_INT 0 0 0 0 0 0 0 0 0 0 0 0 0 0 0 0 8
27.025 42 SVINFO 0 0 0 0 0 0 0
27.125 42 ROTORCRAFT_FP 0 0 -78 0 0 44068 72 377 40 0 0 -101 0 0 0
27.175 42 INS 0 0 51 0 0 -68858 3 125 21
27.278 42 GPS_INT 0 0 0 0 0 0 0 0 0 0 0 0 0 0 0 0 8
27.278 42 SVINFO 0 0 0 0 0 0 0
27.381 42 ROTORCRAFT_FP 0 0 -94 0 0 27333 72 377 40 0 0 -101 0 0 0
27.430 42 INS 0 0 109 0 0 -13589 -91 185 11
27.517 42 DL_VALUE 29 0.04
27.527 42 GPS_INT 0 0 0 0 0 0 0 0 0 0 0 0 0 0 0 0 8
27.527 42 SVINFO 0 0 0 0 0 0 0
27.627 42 ROTORCRAFT_FP 0 0 -74 0 0 46299 73 378 40 0 0 -101 0 0 0
27.677 42 INS 0 0 88 0 0 -32767 27 43 -101
27.705 42 AIR_DATA 100561. 0. 33.619999 1005.645996 0.301224 -1. -1.
27.789 42 GPS_INT 0 0 0 0 0 0 0 0 0 0 0 0 0 0 0 0 8
27.789 42 SVINFO 0 0 0 0 0 0 0
27.800 42 WP_MOVED_ENU 10 1448 -386 253
27.825 42 STATE_FILTER_STATUS 3 3 0
27.825 42 ALIVE 245,241,57,166,41,78,173,218,186,16,142,239,108,64,167,55
27.879 42 ROTORCRAFT_FP 0 0 -53 0 0 63886 74 378 40 0 0 -101 0 0 0
27.910 42 ROTORCRAFT_STATUS 0 0 0 30 0 9 0 0 2 4 118 34
27.929 42 INS 0 0 51 0 0 -64254 -22 128 -95
27.974 42 LINK_REPORT 42 -1 28 0 25131 615 0 896. 22. 825 15.81
28.031 42 GPS_INT 0 0 0 0 0 0 0 0 0 0 0 0 0 0 0 0 8
28.031 42 SVINFO 0 0 0 0 0 0 0
28.132 42 ROTORCRAFT_FP 0 0 -62 0 0 51028 73 377 40 0 0 -101 0 0 0
28.190 42 INS 0 0 60 0 0 -51375 -81 -73 -83
28.285 42 GPS_INT 0 0 0 0 0 0 0 0 0 0 0 0 0 0 0 0 8
28.285 42 SVINFO 0 0 0 0 0 0 0
28.385 42 ROTORCRAFT_FP 0 0 -65 0 0 48485 73 377 40 0 0 -101 0 0 0
28.431 42 ROTORCRAFT_NAV_STATUS 33 0 0.8 0. 0 2 0
28.438 42 INS 0 0 66 0 0 -46044 33 118 12
28.537 42 GPS_INT 0 0 0 0 0 0 0 0 0 0 0 0 0 0 0 0 8
28.537 42 SVINFO 0 0 0 0 0 0 0
28.540 42 I2C_ERRORS 0 0 0 0 0 0 0 0 0 0 0 0
28.540 42 I2C_ERRORS 0 0 0 0 0 0 0 0 0 0 0 1
28.541 42 I2C_ERRORS 0 0 0 0 0 0 0 0 0 0 0 2
28.629 42 DL_VALUE 30 0.9
28.639 42 ROTORCRAFT_FP 0 0 -72 0 0 40035 75 379 40 0 0 -101 0 0 0
28.689 42 INS 0 0 111 0 0 -3757 -116 237 34
28.742 42 ENERGY 11.8 0. 0 0.
28.745 42 AUTOPILOT_VERSION 51300 v5.13_devel-166-gae18987-dirty
28.789 42 GPS_INT 0 0 0 0 0 0 0 0 0 0 0 0 0 0 0 0 8
28.789 42 SVINFO 0 0 0 0 0 0 0
28.890 42 ROTORCRAFT_FP 0 0 -89 0 0 24996 74 378 40 0 0 -101 0 0 0
28.941 42 INS 0 0 88 0 0 -25660 -46 103 -3
28.975 42 LINK_REPORT 42 -1 29 0 26095 638 0 964. 23. 855 15.81
29.014 42 AIR_DATA 100558. 0. 33.66 1005.645996 0.552245 -1. -1.
29.043 42 GPS_INT 0 0 0 0 0 0 0 0 0 0 0 0 0 0 0 0 8
29.044 42 SVINFO 0 0 0 0 0 0 0
29.115 42 WP_MOVED_ENU 11 -199 -1203 256
29.124 42 ROTORCRAFT_STATUS 0 0 0 30 0 9 0 0 2 4 118 35
29.143 42 ROTORCRAFT_FP 0 0 -88 0 0 24626 74 377 41 0 0 -101 0 0 0
29.196 42 INS 0 0 88 0 0 -24947 23 -49 -24
29.295 42 GPS_INT 0 0 0 0 0 0 0 0 0 0 0 0 0 0 0 0 8
29.295 42 SVINFO 0 0 0 0 0 0 0
29.408 42 ROTORCRAFT_FP 0 0 -113 0 0 5702 74 377 41 0 0 -101 0 0 0
29.447 42 INS 0 0 97 0 0 -20988 104 -60 7
29.549 42 GPS_INT 0 0 0 0 0 0 0 0 0 0 0 0 0 0 0 0 8
29.549 42 SVINFO 0 0 0 0 0 0 0
29.651 42 ROTORCRAFT_FP 0 0 -92 0 0 25706 75 377 41 0 0 -101 0 0 0
29.701 42 INS 0 0 132 0 0 11183 -128 117 25
29.740 42 DL_VALUE 31 600.
29.805 42 GPS_INT 0 0 0 0 0 0 0 0 0 0 0 0 0 0 0 0 8
29.805 42 SVINFO 0 0 0 0 0 0 0
29.900 42 ROTORCRAFT_FP 0 0 -47 0 0 66832 75 377 41 0 0 -101 0 0 0
29.947 42 ALIVE 245,241,57,166,41,78,173,218,186,16,142,239,108,64,167,55
29.951 42 INS 0 0 88 0 0 -30286 -54 41 -31
29.975 42 LINK_REPORT 42 -1 30 0 26979 659 0 884. 21. 885 15.81
30.048 42 ROTORCRAFT_NAV_STATUS 34 0 0.8 0. 0 2 0
30.050 42 GPS_INT 0 0 0 0 0 0 0 0 0 0 0 0 0 0 0 0 8
30.050 42 SVINFO 0 0 0 0 0 0 0
30.150 42 ROTORCRAFT_FP 0 0 -82 0 0 34118 75 377 41 0 0 -101 0 0 0
30.210 42 INS 0 0 81 0 0 -34930 -21 17 -3
30.300 42 GPS_INT 0 0 0 0 0 0 0 0 0 0 0 0 0 0 0 0 8
30.301 42 SVINFO 0 0 0 0 0 0 0
30.322 42 AIR_DATA 100561. 0. 33.689999 1005.645996 0.301224 -1. -1.
30.330 42 ROTORCRAFT_STATUS 0 0 0 30 0 9 0 0 2 4 118 36
30.402 42 ROTORCRAFT_FP 0 0 -98 0 0 19116 75 377 41 0 0 -101 0 0 0
30.425 42 WP_MOVED_ENU 12 -954 -2 253
30.458 42 INS 0 0 71 0 0 -44034 -121 10 -174
30.459 42 PONG 
30.553 42 GPS_INT 0 0 0 0 0 0 0 0 0 0 0 0 0 0 0 0 8
30.553 42 SVINFO 0 0 0 0 0 0 0
30.655 42 ROTORCRAFT_FP 0 0 -92 0 0 22849 76 377 41 0 0 -101 0 0 0
30.687 42 WIND_INFO 42 5 0. 0. 0. 0.
30.707 42 INS 0 0 83 0 0 -30462 -49 31 -42
30.809 42 GPS_INT 0 0 0 0 0 0 0 0 0 0 0 0 0 0 0 0 8
30.810 42 SVINFO 0 0 0 0 0 0 0
30.852 42 DL_VALUE 32 28.
30.908 42 ROTORCRAFT_FP 0 0 -94 0 0 21484 76 376 41 0 0 -101 0 0 0
30.959 42 INS 0 0 11 0 0 -95902 -26 -53 -32
30.976 42 LINK_REPORT 42 -1 31 0 27869 681 0 890. 22. 917 0.99
31.055 42 STATE_FILTER_STATUS 3 3 0
31.061 42 GPS_INT 0 0 0 0 0 0 0 0 0 0 0 0 0 0 0 0 8
31.062 42 SVINFO 0 0 0 0 0 0 0
31.162 42 ROTORCRAFT_FP 0 0 -100 0 0 13621 76 378 41 0 0 -101 0 0 0
31.214 42 INS 0 0 100 0 0 -14264 -31 153 -114
31.265 42 DATALINK_REPORT 0 1046 0 903 30 0
31.265 42 ENERGY 11.8 0. 0 0.
31.313 42 GPS_INT 0 0 0 0 0 0 0 0 0 0 0 0 0 0 0 0 8
31.313 42 SVINFO 0 0 0 0 0 0 0
31.365 42 INS_REF 392433142 30036158 500219736 519906361 43767873 45110 0 100552.
31.412 42 ROTORCRAFT_FP 0 0 -68 0 0 43665 75 376 42 0 0 -101 0 0 0
31.465 42 INS 0 0 67 0 0 -43682 129 97 -13
31.543 42 ROTORCRAFT_STATUS 0 0 0 29 0 9 0 0 2 4 118 37
31.565 42 GPS_INT 0 0 0 0 0 0 0 0 0 0 0 0 0 0 0 0 8
31.565 42 SVINFO 0 0 0 0 0 0 0
31.635 42 AIR_DATA 100556. 0. 33.720001 1005.645996 0.721353 -1. -1.
31.667 42 ROTORCRAFT_NAV_STATUS 36 0 0.8 0. 0 2 0
31.668 42 ROTORCRAFT_FP 0 0 -65 0 0 46374 76 377 43 0 0 -101 0 0 0
31.717 42 INS 0 0 107 0 0 -7718 24 141 58
31.738 42 WP_MOVED_ENU 13 327 993 253
31.818 42 GPS_INT 0 0 0 0 0 0 0 0 0 0 0 0 0 0 0 0 8
31.818 42 SVINFO 0 0 0 0 0 0 0
31.920 42 ROTORCRAFT_FP 0 0 -94 0 0 20088 78 377 43 0 0 -101 0 0 0
31.957 42 DL_VALUE 33 0.0397
31.969 42 INS 0 0 60 0 0 -50402 29 248 10
31.977 42 LINK_REPORT 42 -1 32 0 28844 706 0 975. 25. 947 0.99
32.068 42 ALIVE 245,241,57,166,41,78,173,218,186,16,142,239,108,64,167,55
32.070 42 GPS_INT 0 0 0 0 0 0 0 0 0 0 0 0 0 0 0 0 8
32.070 42 SVINFO 0 0 0 0 0 0 0
32.172 42 ROTORCRAFT_FP 0 0 -97 0 0 15999 78 378 43 0 0 -101 0 0 0
32.232 42 INS 0 0 97 0 0 -16755 -104 14 6
32.323 42 GPS_INT 0 0 0 0 0 0 0 0 0 0 0 0 0 0 0 0 8
32.323 42 SVINFO 0 0 0 0 0 0 0
32.427 42 ROTORCRAFT_FP 0 0 -100 0 0 15404 77 377 43 0 0 -101 0 0 0
32.477 42 INS 0 0 100 0 0 -15625 -35 140 -7
32.577 42 GPS_INT 0 0 0 0 0 0 0 0 0 0 0 0 0 0 0 0 8
32.577 42 SVINFO 0 0 0 0 0 0 0
32.678 42 ROTORCRAFT_FP 0 0 -76 0 0 36068 77 377 43 0 0 -101 0 0 0
32.679 42 I2C_ERRORS 0 0 0 0 0 0 0 0 0 0 0 0
32.679 42 I2C_ERRORS 0 0 0 0 0 0 0 0 0 0 0 1
32.728 42 INS 0 0 106 0 0 -9248 -9 156 5
32.759 42 ROTORCRAFT_STATUS 0 0 0 30 0 9 0 0 2 4 118 38
32.828 42 GPS_INT 0 0 0 0 0 0 0 0 0 0 0 0 0 0 0 0 8
32.828 42 SVINFO 0 0 0 0 0 0 0
32.928 42 ROTORCRAFT_FP 0 0 -84 0 0 28084 76 377 43 0 0 -101 0 0 0
32.949 42 AIR_DATA 100558. 0. 33.759998 1005.645996 0.552245 -1. -1.
32.977 42 LINK_REPORT 42 -1 33 0 29716 726 0 872. 20. 976 0.99
32.978 42 INS 0 0 78 0 0 -32929 3 -5 -36
33.046 42 WP_MOVED_ENU 14 1134 -345 253
33.068 42 DL_VALUE 34 600.
33.080 42 GPS_INT 0 0 0 0 0 0 0 0 0 0 0 0 0 0 0 0 8
33.080 42 SVINFO 0 0 0 0 0 0 0
33.181 42 ROTORCRAFT_FP 0 0 -103 0 0 11400 78 378 43 0 0 -101 0 0 0
33.231 42 INS 0 0 57 0 0 -52742 51 81 49
33.280 42 ROTORCRAFT_NAV_STATUS 38 0 0.8 0. 0 2 0
33.331 42 GPS_INT 0 0 0 0 0 0 0 0 0 0 0 0 0 0 0 0 8
33.331 42 SVINFO 0 0 0 0 0 0 0
33.432 42 ROTORCRAFT_FP 0 0 -77 0 0 33867 76 377 43 0 0 -101 0 0 0
33.482 42 INS 0 0 76 0 0 -34601 10 158 -31
33.585 42 GPS_INT 0 0 0 0 0 0 0 0 0 0 0 0 0 0 0 0 8
33.585 42 SVINFO 0 0 0 0 0 0 0
33.685 42 ROTORCRAFT_FP 0 0 -108 0 0 5852 77 377 43 0 0 -101 0 0 0
33.737 42 INS 0 0 85 0 0 -26919 -19 -13 -16
33.789 42 ENERGY 11.8 0. 0 0.
33.844 42 GPS_INT 0 0 0 0 0 0 0 0 0 0 0 0 0 0 0 0 8
33.845 42 SVINFO 0 0 0 0 0 0 0
33.937 42 ROTORCRAFT_FP 0 0 -95 0 0 18342 78 378 44 0 0 -101 0 0 0
33.965 42 ROTORCRAFT_STATUS 0 0 0 29 0 9 0 0 2 4 118 40
33.978 42 LINK_REPORT 42 -1 34 0 30584 747 0 868. 21. 1006 0.99
33.988 42 INS 0 0 85 0 0 -29895 -180 91 -204
34.092 42 GPS_INT 0 0 0 0 0 0 0 0 0 0 0 0 0 0 0 0 8
34.092 42 SVINFO 0 0 0 0 0 0 0
34.178 42 DL_VALUE 35 28.
34.186 42 ALIVE 245,241,57,166,41,78,173,218,186,16,142,239,108,64,167,55
34.189 42 ROTORCRAFT_FP 0 0 -105 0 0 8028 76 379 43 0 0 -101 0 0 0
34.248 42 INS 0 0 91 0 0 -20782 279 101 113
34.261 42 AIR_DATA 100559. 0. 33.790001 1005.645996 0.470333 -1. -1.
34.287 42 STATE_FILTER_STATUS 3 3 0
34.342 42 GPS_INT 0 0 0 0 0 0 0 0 0 0 0 0 0 0 0 0 8
34.342 42 SVINFO 0 0 0 0 0 0 0
34.361 42 WP_MOVED_ENU 0 0 0 256
34.443 42 ROTORCRAFT_FP 0 0 -74 0 0 33410 80 382 43 0 0 -101 0 0 0
34.494 42 INS 0 0 73 0 0 -33668 -78 96 0
34.596 42 GPS_INT 0 0 0 0 0 0 0 0 0 0 0 0 0 0 0 0 8
34.596 42 SVINFO 0 0 0 0 0 0 0
34.695 42 ROTORCRAFT_FP 0 0 -83 0 0 22873 79 382 43 0 0 -101 0 0 0
34.748 42 INS 0 0 86 0 0 -20937 -25 48 -41
34.849 42 GPS_INT 0 0 0 0 0 0 0 0 0 0 0 0 0 0 0 0 8
34.850 42 SVINFO 0 0 0 0 0 0 0
34.900 42 ROTORCRAFT_NAV_STATUS 39 0 0.8 0. 0 2 0
34.950 42 ROTORCRAFT_FP 0 0 -124 0 0 -10983 78 381 44 0 0 -101 0 0 0
34.979 42 LINK_REPORT 42 -1 35 0 31478 769 0 894. 22. 1036 0.99
35.002 42 INS 0 0 94 0 0 -15422 -85 116 -71
35.102 42 GPS_INT 0 0 0 0 0 0 0 0 0 0 0 0 0 0 0 0 8
35.102 42 SVINFO 0 0 0 0 0 0 0
35.180 42 ROTORCRAFT_STATUS 0 0 0 30 0 9 0 0 2 4 118 41
35.205 42 ROTORCRAFT_FP 0 0 -122 0 0 -7095 80 382 43 0 0 -101 0 0 0
35.254 42 INS 0 0 118 0 0 3012 -175 109 -64
35.294 42 DL_VALUE 36 0.0299
35.356 42 GPS_INT 0 0 0 0 0 0 0 0 0 0 0 0 0 0 0 0 8
35.356 42 SVINFO 0 0 0 0 0 0 0
35.465 42 ROTORCRAFT_FP 0 0 -67 0 0 42926 79 381 43 0 0 -101 0 0 0
35.465 42 PONG 
35.506 42 INS 0 0 66 0 0 -42807 -50 60 -16
35.575 42 AIR_DATA 100562. 0. 33.82 1005.645996 0.219313 -1. -1.
35.608 42 GPS_INT 0 0 0 0 0 0 0 0 0 0 0 0 0 0 0 0 8
35.608 42 SVINFO 0 0 0 0 0 0 0
35.674 42 WP_MOVED_ENU 1 151 -148 253
35.710 42 ROTORCRAFT_FP 0 0 -93 0 0 18126 79 382 43 0 0 -101 0 0 0
35.760 42 INS 0 0 93 0 0 -18569 -39 83 -41
35.870 42 GPS_INT 0 0 0 0 0 0 0 0 0 0 0 0 0 0 0 0 8
35.870 42 SVINFO 0 0 0 0 0 0 0
35.961 42 ROTORCRAFT_FP 0 0 -97 0 0 15315 79 381 43 0 0 -101 0 0 0
35.979 42 LINK_REPORT 42 -1 36 0 32345 790 0 867. 21. 1067 6.41
36.012 42 INS 0 0 136 0 0 17947 112 95 -24
36.113 42 GPS_INT 0 0 0 0 0 0 0 0 0 0 0 0 0 0 0 0 8
36.114 42 SVINFO 0 0 0 0 0 0 0
36.215 42 ROTORCRAFT_FP 0 0 -45 0 0 61059 79 381 43 0 0 -101 0 0 0
36.274 42 INS 0 0 62 0 0 -46256 -109 12 24
36.311 42 ALIVE 245,241,57,166,41,78,173,218,186,16,142,239,108,64,167,55
36.318 42 ENERGY 11.8 0. 0 0.
36.366 42 GPS_INT 0 0 0 0 0 0 0 0 0 0 0 0 0 0 0 0 8
36.366 42 SVINFO 0 0 0 0 0 0 0
36.390 42 ROTORCRAFT_STATUS 0 0 0 30 0 9 0 0 2 4 118 42
36.402 42 DL_VALUE 37 600.
36.418 42 DATALINK_REPORT 0 1201 0 907 30 0
36.466 42 ROTORCRAFT_FP 0 0 -60 0 0 46496 79 380 43 0 0 -101 0 0 0
36.510 42 ROTORCRAFT_NAV_STATUS 41 0 0.8 0. 0 2 0
36.519 42 INS 0 0 80 0 0 -29657 -102 125 -27
36.520 42 INS_REF 392433142 30036158 500219736 519906361 43767873 45110 0 100552.
36.618 42 GPS_INT 0 0 0 0 0 0 0 0 0 0 0 0 0 0 0 0 8
36.618 42 SVINFO 0 0 0 0 0 0 0
36.717 42 ROTORCRAFT_FP 0 0 -88 0 0 21559 79 380 43 0 0 -101 0 0 0
36.770 42 INS 0 0 88 0 0 -22370 -69 -36 -9
36.820 42 I2C_ERRORS 0 0 0 0 0 0 0 0 0 0 0 2
36.821 42 I2C_ERRORS 0 0 0 0 0 0 0 0 0 0 0 0
36.869 42 GPS_INT 0 0 0 0 0 0 0 0 0 0 0 0 0 0 0 0 8
36.870 42 SVINFO 0 0 0 0 0 0 0
36.886 42 AIR_DATA 100560. 0. 33.860001 1005.645996 0.385779 -1. -1.
36.971 42 ROTORCRAFT_FP 0 0 -78 0 0 30765 79 380 44 0 0 -101 0 0 0
36.979 42 LINK_REPORT 42 -1 37 0 33378 816 0 1033. 26. 1097 6.41
36.986 42 WP_MOVED_ENU 2 491 245 256
37.023 42 INS 0 0 66 0 0 -41521 -6 189 46
37.123 42 GPS_INT 0 0 0 0 0 0 0 0 0 0 0 0 0 0 0 0 8
37.123 42 SVINFO 0 0 0 0 0 0 0
37.225 42 ROTORCRAFT_FP 0 0 -43 0 0 58876 79 379 44 0 0 -101 0 0 0
37.276 42 INS 0 0 78 0 0 -28583 -32 167 25
37.384 42 GPS_INT 0 0 0 0 0 0 0 0 0 0 0 0 0 0 0 0 8
37.384 42 SVINFO 0 0 0 0 0 0 0
37.477 42 ROTORCRAFT_FP 0 0 -142 0 0 -24037 79 379 44 0 0 -101 0 0 0
37.513 42 DL_VALUE 38 28.
37.521 42 STATE_FILTER_STATUS 3 3 0
37.528 42 INS 0 0 130 0 0 12952 -21 44 -44
37.604 42 ROTORCRAFT_STATUS 0 0 0 30 0 9 0 0 2 4 118 43
37.630 42 GPS_INT 0 0 0 0 0 0 0 0 0 0 0 0 0 0 0 0 8
37.631 42 SVINFO 0 0 0 0 0 0 0
37.736 42 ROTORCRAFT_FP 0 0 -136 0 0 -14262 79 379 44 0 0 -101 0 0 0
37.781 42 INS 0 0 136 0 0 13720 -11 50 -23
37.882 42 GPS_INT 0 0 0 0 0 0 0 0 0 0 0 0 0 0 0 0 8
37.882 42 SVINFO 0 0 0 0 0 0 0
37.980 42 LINK_REPORT 42 -1 38 0 34147 835 0 769. 19. 1127 6.41
37.980 42 ROTORCRAFT_FP 0 0 -124 0 0 -1475 79 379 45 0 0 -101 0 0 0
38.031 42 INS 0 0 86 0 0 -31798 18 -56 34
38.123 42 ROTORCRAFT_NAV_STATUS 43 0 0.8 0. 0 2 0
38.138 42 GPS_INT 0 0 0 0 0 0 0 0 0 0 0 0 0 0 0 0 8
38.138 42 SVINFO 0 0 0 0 0 0 0
38.195 42 AIR_DATA 100561. 0. 33.889999 1005.645996 0.301224 -1. -1.
38.231 42 ROTORCRAFT_FP 0 0 -106 0 0 14114 79 378 45 0 0 -101 0 0 0
38.281 42 INS 0 0 108 0 0 -12891 -135 134 35
38.299 42 WP_MOVED_ENU 3 491 245 256
38.382 42 GPS_INT 0 0 0 0 0 0 0 0 0 0 0 0 0 0 0 0 8
38.383 42 SVINFO 0 0 0 0 0 0 0
38.427 42 ALIVE 245,241,57,166,41,78,173,218,186,16,142,239,108,64,167,55
38.483 42 ROTORCRAFT_FP 0 0 -120 0 0 3036 80 379 44 0 0 -101 0 0 0
38.541 42 INS 0 0 125 0 0 865 65 16 50
38.622 42 DL_VALUE 39 0.0014
38.635 42 GPS_INT 0 0 0 0 0 0 0 0 0 0 0 0 0 0 0 0 8
38.635 42 SVINFO 0 0 0 0 0 0 0
38.737 42 ROTORCRAFT_FP 0 0 -123 0 0 1885 80 379 45 0 0 -101 0 0 0
38.788 42 INS 0 0 123 0 0 -3028 -23 39 -76
38.818 42 ROTORCRAFT_STATUS 0 0 0 29 0 9 0 0 2 4 118 44
38.842 42 ENERGY 11.8 0. 0 0.
38.889 42 GPS_INT 0 0 0 0 0 0 0 0 0 0 0 0 0 0 0 0 8
38.889 42 SVINFO 0 0 0 0 0 0 0
38.980 42 LINK_REPORT 42 -1 39 0 35076 858 0 929. 23. 1156 6.41
38.990 42 ROTORCRAFT_FP 0 0 -105 0 0 16960 79 378 45 0 0 -101 0 0 0
39.041 42 INS 0 0 104 0 0 -28357 -277 -46 -921
39.145 42 GPS_INT 0 0 0 0 0 0 0 0 0 0 0 0 0 0 0 0 8
39.145 42 SVINFO 0 0 0 0 0 0 0
39.244 42 ROTORCRAFT_FP 0 0 -107 0 0 16177 83 377 44 0 0 -101 0 0 0
39.293 42 INS 0 0 92 0 0 -33388 -127 181 241
39.394 42 GPS_INT 0 0 0 0 0 0 0 0 0 0 0 0 0 0 0 0 8
39.394 42 SVINFO 0 0 0 0 0 0 0
39.494 42 ROTORCRAFT_FP 0 0 -118 0 0 9869 77 371 45 0 0 -101 0 0 0
39.509 42 AIR_DATA 100564. 0. 33.919998 1005.645996 0.050204 -1. -1.
39.545 42 INS 0 0 98 0 0 -29927 -27 18 -56
39.611 42 WP_MOVED_ENU 4 197 -440 256
39.647 42 GPS_INT 0 0 0 0 0 0 0 0 0 0 0 0 0 0 0 0 8
39.647 42 SVINFO 0 0 0 0 0 0 0
39.734 42 DL_VALUE 40 0.1219
39.740 42 ROTORCRAFT_NAV_STATUS 44 0 0.8 0. 0 2 0
39.753 42 ROTORCRAFT_FP 0 0 -103 0 0 22244 79 372 44 0 0 -101 0 0 0
39.799 42 INS 0 0 103 0 0 -24460 -31 22 -3
39.900 42 GPS_INT 0 0 0 0 0 0 0 0 0 0 0 0 0 0 0 0 8
39.900 42 SVINFO 0 0 0 0 0 0 0
39.955 42 AUTOPILOT_VERSION 51300 v5.13_devel-166-gae18987-dirty
39.981 42 LINK_REPORT 42 -1 40 0 35976 879 0 900. 21. 1186 6.41
40.000 42 ROTORCRAFT_FP 0 0 -117 0 0 11694 80 372 44 0 0 -101 0 0 0
40.026 42 ROTORCRAFT_STATUS 0 0 0 30 0 9 0 0 2 4 118 46
40.051 42 INS 0 0 117 0 0 -12393 153 85 47
40.156 42 GPS_INT 0 0 0 0 0 0 0 0 0 0 0 0 0 0 0 0 8
40.156 42 SVINFO 0 0 0 0 0 0 0
40.252 42 ROTORCRAFT_FP 0 0 -92 0 0 32296 81 372 44 0 0 -101 0 0 0
40.303 42 INS 0 0 23 0 0 -90947 -6 221 0
40.404 42 GPS_INT 0 0 0 0 0 0 0 0 0 0 0 0 0 0 0 0 8
40.404 42 SVINFO 0 0 0 0 0 0 0
40.465 42 PONG 
40.504 42 ROTORCRAFT_FP 0 0 -144 0 0 -13361 80 372 44 0 0 -101 0 0 0
40.562 42 ALIVE 245,241,57,166,41,78,173,218,186,16,142,239,108,64,167,55
40.562 42 INS 0 0 88 0 0 -34246 -53 -35 -8
40.661 42 GPS_INT 0 0 0 0 0 0 0 0 0 0 0 0 0 0 0 0 8
40.661 42 SVINFO 0 0 0 0 0 0 0
40.688 42 WIND_INFO 42 5 0. 0. 0. 0.
40.751 42 STATE_FILTER_STATUS 3 3 0
40.757 42 ROTORCRAFT_FP 0 0 -40 0 0 72041 79 370 42 0 0 -101 0 0 0
40.810 42 INS 0 0 76 0 0 -41559 42 95 -4
40.822 42 AIR_DATA 100562. 0. 33.950001 1005.645996 0.219313 -1. -1.
40.846 42 DL_VALUE 41 0.
40.910 42 GPS_INT 0 0 0 0 0 0 0 0 0 0 0 0 0 0 0 0 8
40.910 42 SVINFO 0 0 0 0 0 0 0
40.920 42 WP_MOVED_ENU 5 5 575 256
40.964 42 I2C_ERRORS 0 0 0 0 0 0 0 0 0 0 0 1
40.964 42 I2C_ERRORS 0 0 0 0 0 0 0 0 0 0 0 2
40.982 42 LINK_REPORT 42 -1 41 0 36946 904 0 970. 25. 1218 5.45
41.012 42 ROTORCRAFT_FP 0 0 -77 0 0 39224 80 370 43 0 0 -101 0 0 0
41.065 42 INS 0 0 76 0 0 -39013 -53 76 -101
41.165 42 GPS_INT 0 0 0 0 0 0 0 0 0 0 0 0 0 0 0 0 8
41.166 42 SVINFO 0 0 0 0 0 0 0
41.238 42 ROTORCRAFT_STATUS 0 0 0 30 0 9 0 0 2 4 118 47
41.265 42 ROTORCRAFT_FP 0 0 -83 0 0 33340 80 370 42 0 0 -101 0 0 0
41.316 42 INS 0 0 68 0 0 -45107 -129 32 -105
41.363 42 ROTORCRAFT_NAV_STATUS 46 0 0.8 0. 0 2 0
41.371 42 ENERGY 11.8 0. 0 0.
41.418 42 GPS_INT 0 0 0 0 0 0 0 0 0 0 0 0 0 0 0 0 8
41.418 42 SVINFO 0 0 0 0 0 0 0
41.530 42 ROTORCRAFT_FP 0 0 -72 0 0 40036 80 369 42 0 0 -101 0 0 0
41.568 42 INS 0 0 130 0 0 8244 -23 -32 -91
41.570 42 DATALINK_REPORT 0 1357 0 924 30 0
41.670 42 GPS_INT 0 0 0 0 0 0 0 0 0 0 0 0 0 0 0 0 8
41.670 42 SVINFO 0 0 0 0 0 0 0
41.672 42 INS_REF 392433142 30036158 500219736 519906361 43767873 45110 0 100552.
41.771 42 ROTORCRAFT_FP 0 0 -134 0 0 -8932 80 369 42 0 0 -101 0 0 0
41.822 42 INS 0 0 90 0 0 -28250 17 146 -86
41.929 42 GPS_INT 0 0 0 0 0 0 0 0 0 0 0 0 0 0 0 0 8
41.929 42 SVINFO 0 0 0 0 0 0 0
41.959 42 DL_VALUE 42 6.
41.983 42 LINK_REPORT 42 -1 42 0 37852 926 0 906. 22. 1248 5.45
42.024 42 ROTORCRAFT_FP 0 0 -76 0 0 38915 80 369 42 0 0 -101 0 0 0
42.074 42 INS 0 0 75 0 0 -39649 68 152 66
42.137 42 AIR_DATA 100562. 0. 33.98 1005.645996 0.219313 -1. -1.
42.177 42 GPS_INT 0 0 0 0 0 0 0 0 0 0 0 0 0 0 0 0 8
42.177 42 SVINFO 0 0 0 0 0 0 0
42.237 42 WP_MOVED_ENU 6 7 719 256
42.278 42 ROTORCRAFT_FP 0 0 -69 0 0 44169 80 369 42 0 0 -101 0 0 0
42.332 42 INS 0 0 94 0 0 -22255 -105 -19 16
42.429 42 GPS_INT 0 0 0 0 0 0 0 0 0 0 0 0 0 0 0 0 8
42.430 42 SVINFO 0 0 0 0 0 0 0
42.451 42 ROTORCRAFT_STATUS 0 0 0 29 0 9 0 0 2 4 118 48
42.529 42 ROTORCRAFT_FP 0 0 -84 0 0 30065 80 368 42 0 0 -101 0 0 0
42.590 42 INS 0 0 103 0 0 -13958 47 -43 19
42.690 42 ALIVE 245,241,57,166,41,78,173,218,186,16,142,239,108,64,167,55
42.696 42 GPS_INT 0 0 0 0 0 0 0 0 0 0 0 0 0 0 0 0 8
42.696 42 SVINFO 0 0 0 0 0 0 0
42.803 42 ROTORCRAFT_FP 0 0 -66 0 0 44787 80 369 41 0 0 -101 0 0 0
42.854 42 INS 0 0 65 0 0 -44663 95 169 -137
42.955 42 GPS_INT 0 0 0 0 0 0 0 0 0 0 0 0 0 0 0 0 8
42.955 42 SVINFO 0 0 0 0 0 0 0
42.983 42 LINK_REPORT 42 -1 43 0 38723 946 0 871. 20. 1278 5.45
42.996 42 ROTORCRAFT_NAV_STATUS 47 0 0.8 0. 0 2 0
43.057 42 ROTORCRAFT_FP 0 0 -121 0 0 133 81 369 41 0 0 -101 0 0 0
43.090 42 DL_VALUE 43 2.094395
43.111 42 INS 0 0 121 0 0 -31 69 158 -13
43.206 42 GPS_INT 0 0 0 0 0 0 0 0 0 0 0 0 0 0 0 0 8
43.206 42 SVINFO 0 0 0 0 0 0 0
43.311 42 ROTORCRAFT_FP 0 0 -110 0 0 11501 81 369 41 0 0 -101 0 0 0
43.358 42 INS 0 0 102 0 0 -19390 -91 166 -8
43.457 42 GPS_INT 0 0 0 0 0 0 0 0 0 0 0 0 0 0 0 0 8
43.457 42 SVINFO 0 0 0 0 0 0 0
43.467 42 AIR_DATA 100560. 0. 34.02 1005.645996 0.385779 -1. -1.
43.557 42 ROTORCRAFT_FP 0 0 -92 0 0 26277 81 369 41 0 0 -101 0 0 0
43.566 42 WP_MOVED_ENU 7 -256 -1500 253
43.606 42 INS 0 0 91 0 0 -26439 40 196 61
43.678 42 ROTORCRAFT_STATUS 0 0 0 30 0 9 0 0 2 4 118 49
43.707 42 GPS_INT 0 0 0 0 0 0 0 0 0 0 0 0 0 0 0 0 8
43.707 42 SVINFO 0 0 0 0 0 0 0
43.810 42 ROTORCRAFT_FP 0 0 -102 0 0 16505 81 369 41 0 0 -101 0 0 0
43.859 42 INS 0 0 149 0 0 21214 37 238 8
43.918 42 ENERGY 11.8 0. 0 0.
43.961 42 GPS_INT 0 0 0 0 0 0 0 0 0 0 0 0 0 0 0 0 8
43.961 42 SVINFO 0 0 0 0 0 0 0
43.983 42 LINK_REPORT 42 -1 44 0 39627 968 0 904. 22. 1308 5.45
44.003 42 STATE_FILTER_STATUS 3 3 0
44.062 42 ROTORCRAFT_FP 0 0 -127 0 0 -1547 80 368 41 0 0 -101 0 0 0
44.114 42 INS 0 0 127 0 0 1312 -4 -29 -68
44.197 42 DL_VALUE 44 0.4
44.213 42 GPS_INT 0 0 0 0 0 0 0 0 0 0 0 0 0 0 0 0 8
44.213 42 SVINFO 0 0 0 0 0 0 0
44.314 42 ROTORCRAFT_FP 0 0 -81 0 0 36773 81 369 41 0 0 -101 0 0 0
44.363 42 INS 0 0 58 0 0 -55176 -140 159 94
44.466 42 GPS_INT 0 0 0 0 0 0 0 0 0 0 0 0 0 0 0 0 8
44.466 42 SVINFO 0 0 0 0 0 0 0
44.566 42 ROTORCRAFT_FP 0 0 -65 0 0 46403 81 369 41 0 0 -101 0 0 0
44.605 42 ROTORCRAFT_NAV_STATUS 49 0 0.8 0. 0 2 0
44.617 42 INS 0 0 65 0 0 -44839 -43 109 74
44.715 42 GPS_INT 0 0 0 0 0 0 0 0 0 0 0 0 0 0 0 0 8
44.715 42 SVINFO 0 0 0 0 0 0 0
44.775 42 AIR_DATA 100560. 0. 34.049999 1005.645996 0.385779 -1. -1.
44.810 42 ALIVE 245,241,57,166,41,78,173,218,186,16,142,239,108,64,167,55
44.816 42 ROTORCRAFT_FP 0 0 -79 0 0 33602 81 368 41 0 0 -101 0 0 0
44.867 42 INS 0 0 65 0 0 -44366 -13 62 -42
44.875 42 WP_MOVED_ENU 8 -1292 12 256
44.890 42 ROTORCRAFT_STATUS 0 0 0 29 0 9 0 0 2 4 118 51
44.969 42 GPS_INT 0 0 0 0 0 0 0 0 0 0 0 0 0 0 0 0 8
44.969 42 SVINFO 0 0 0 0 0 0 0
44.984 42 LINK_REPORT 42 -1 45 0 40546 991 0 919. 23. 1337 5.45
45.069 42 ROTORCRAFT_FP 0 0 -87 0 0 24646 81 368 41 0 0 -101 0 0 0
45.120 42 I2C_ERRORS 0 0 0 0 0 0 0 0 0 0 0 0
45.120 42 I2C_ERRORS 0 0 0 0 0 0 0 0 0 0 0 1
45.121 42 I2C_ERRORS 0 0 0 0 0 0 0 0 0 0 0 2
45.121 42 INS 0 0 87 0 0 -25759 -30 -14 -89
45.219 42 GPS_INT 0 0 0 0 0 0 0 0 0 0 0 0 0 0 0 0 8
45.220 42 SVINFO 0 0 0 0 0 0 0
45.302 42 DL_VALUE 45 35.
45.318 42 ROTORCRAFT_FP 0 0 -92 0 0 20683 81 368 41 0 0 -101 0 0 0
45.372 42 INS 0 0 92 0 0 -21579 -24 115 -55
45.467 42 PONG 
45.471 42 GPS_INT 0 0 0 0 0 0 0 0 0 0 0 0 0 0 0 0 8
45.471 42 SVINFO 0 0 0 0 0 0 0
45.572 42 ROTORCRAFT_FP 0 0 -65 0 0 43367 81 368 41 0 0 -101 0 0 0
45.621 42 INS 0 0 92 0 0 -21500 -35 163 0
45.721 42 GPS_INT 0 0 0 0 0 0 0 0 0 0 0 0 0 0 0 0 8
45.721 42 SVINFO 0 0 0 0 0 0 0
45.823 42 ROTORCRAFT_FP 0 0 -83 0 0 27045 81 368 41 0 0 -101 0 0 0
45.875 42 INS 0 0 59 0 0 -46016 21 -69 -57
45.975 42 GPS_INT 0 0 0 0 0 0 0 0 0 0 0 0 0 0 0 0 8
45.975 42 SVINFO 0 0 0 0 0 0 0
45.985 42 LINK_REPORT 42 -1 46 0 41430 1012 0 884. 21. 1368 7.62
46.076 42 ROTORCRAFT_FP 0 0 -97 0 0 14972 82 369 41 0 0 -101 0 0 0
46.084 42 AIR_DATA 100560. 0. 34.080002 1005.645996 0.385779 -1. -1.
46.099 42 ROTORCRAFT_STATUS 0 0 0 30 0 9 0 0 2 4 118 52
46.127 42 INS 0 0 97 0 0 -15703 1 1 -77
46.183 42 WP_MOVED_ENU 9 312 1249 256
46.217 42 ROTORCRAFT_NAV_STATUS 51 0 0.8 0. 0 2 0
46.229 42 GPS_INT 0 0 0 0 0 0 0 0 0 0 0 0 0 0 0 0 8
46.231 42 SVINFO 0 0 0 0 0 0 0
46.328 42 ROTORCRAFT_FP 0 0 -92 0 0 18703 81 368 40 0 0 -101 0 0 0
46.379 42 INS 0 0 92 0 0 -19494 0 23 3
46.413 42 DL_VALUE 46 5.
46.433 42 ENERGY 11.8 0. 0 0.
46.483 42 GPS_INT 0 0 0 0 0 0 0 0 0 0 0 0 0 0 0 0 8
46.483 42 SVINFO 0 0 0 0 0 0 0
46.590 42 ROTORCRAFT_FP 0 0 -110 0 0 4304 81 369 40 0 0 -101 0 0 0
46.631 42 INS 0 0 75 0 0 -32740 42 93 -67
46.731 42 GPS_INT 0 0 0 0 0 0 0 0 0 0 0 0 0 0 0 0 8
46.731 42 SVINFO 0 0 0 0 0 0 0
46.732 42 DATALINK_REPORT 0 1511 0 897 29 0
46.832 42 ROTORCRAFT_FP 0 0 -40 0 0 59232 81 368 40 0 0 -101 0 0 0
46.834 42 INS_REF 392433142 30036158 500219736 519906361 43767873 45110 0 100552.
46.883 42 INS 0 0 59 0 0 -42901 -24 186 -60
46.925 42 ALIVE 245,241,57,166,41,78,173,218,186,16,142,239,108,64,167,55
46.985 42 LINK_REPORT 42 -1 47 0 42337 1035 0 907. 23. 1398 7.62
46.988 42 GPS_INT 0 0 0 0 0 0 0 0 0 0 0 0 0 0 0 0 8
46.988 42 SVINFO 0 0 0 0 0 0 0
47.086 42 ROTORCRAFT_FP 0 0 -26 0 0 66810 80 367 40 0 0 -101 0 0 0
47.135 42 INS 0 0 77 0 0 -25880 46 89 -55
47.230 42 STATE_FILTER_STATUS 3 3 0
47.236 42 GPS_INT 0 0 0 0 0 0 0 0 0 0 0 0 0 0 0 0 8
47.236 42 SVINFO 0 0 0 0 0 0 0
47.311 42 ROTORCRAFT_STATUS 0 0 0 30 0 9 0 0 2 4 118 53
47.336 42 ROTORCRAFT_FP 0 0 -51 0 0 46504 82 368 39 0 0 -101 0 0 0
47.394 42 INS 0 0 49 0 0 -46228 7 212 -23
47.394 42 AIR_DATA 100557. 0. 34.110001 1005.645996 0.636799 -1. -1.
47.490 42 GPS_INT 0 0 0 0 0 0 0 0 0 0 0 0 0 0 0 0 8
47.491 42 SVINFO 0 0 0 0 0 0 0
47.494 42 WP_MOVED_ENU 10 1448 -386 253
47.521 42 DL_VALUE 47 1.
47.602 42 ROTORCRAFT_FP 0 0 -81 0 0 21840 78 365 40 0 0 -101 0 0 0
47.651 42 INS 0 0 92 0 0 -10185 58 -142 92
47.764 42 GPS_INT 0 0 0 0 0 0 0 0 0 0 0 0 0 0 0 0 8
47.764 42 SVINFO 0 0 0 0 0 0 0
47.854 42 ROTORCRAFT_NAV_STATUS 52 0 0.8 0. 0 2 0
47.863 42 ROTORCRAFT_FP 0 0 -123 0 0 -10442 79 365 40 0 0 -101 0 0 0
47.916 42 INS 0 0 73 0 0 -28983 -71 -138 -95
47.986 42 LINK_REPORT 42 -1 48 0 43231 1057 0 894. 22. 1428 7.62
48.016 42 GPS_INT 0 0 0 0 0 0 0 0 0 0 0 0 0 0 0 0 8
48.016 42 SVINFO 0 0 0 0 0 0 0
48.118 42 ROTORCRAFT_FP 0 0 -29 0 0 62704 78 365 40 0 0 -101 0 0 0
48.168 42 INS 0 0 28 0 0 -63664 195 -125 -7
48.270 42 GPS_INT 0 0 0 0 0 0 0 0 0 0 0 0 0 0 0 0 8
48.270 42 SVINFO 0 0 0 0 0 0 0
48.372 42 ROTORCRAFT_FP 0 0 0 0 0 82483 79 366 39 0 0 -101 0 0 0
48.421 42 INS 0 0 61 0 0 -31098 -115 162 5
48.524 42 GPS_INT 0 0 0 0 0 0 0 0 0 0 0 0 0 0 0 0 8
48.525 42 SVINFO 0 0 0 0 0 0 0
48.541 42 ROTORCRAFT_STATUS 0 0 0 29 0 9 0 0 2 4 118 54
48.623 42 ROTORCRAFT_FP 0 0 -153 0 0 -40329 79 367 40 0 0 -101 0 0 0
48.656 42 DL_VALUE 48 -0.75
48.673 42 INS 0 0 162 0 0 46849 -88 48 -115
48.730 42 AIR_DATA 100564. 0. 34.139999 1005.645996 0.050204 -1. -1.
48.776 42 GPS_INT 0 0 0 0 0 0 0 0 0 0 0 0 0 0 0 0 8
48.776 42 SVINFO 0 0 0 0 0 0 0
48.831 42 WP_MOVED_ENU 11 -199 -1203 256
48.877 42 ROTORCRAFT_FP 0 0 -84 0 0 17381 79 366 39 0 0 -101 0 0 0
48.928 42 INS 0 0 112 0 0 4942 58 71 -70
48.980 42 ENERGY 11.8 0. 0 0.
48.987 42 LINK_REPORT 42 -1 49 0 44112 1078 0 881. 21. 1458 7.62
49.029 42 GPS_INT 0 0 0 0 0 0 0 0 0 0 0 0 0 0 0 0 8
49.029 42 SVINFO 0 0 0 0 0 0 0
49.074 42 ALIVE 245,241,57,166,41,78,173,218,186,16,142,239,108,64,167,55
49.129 42 ROTORCRAFT_FP 0 0 -68 0 0 29756 77 366 39 0 0 -101 0 0 0
49.185 42 INS 0 0 67 0 0 -30957 142 57 20
49.285 42 I2C_ERRORS 0 0 0 0 0 0 0 0 0 0 0 0
49.286 42 I2C_ERRORS 0 0 0 0 0 0 0 0 0 0 0 1
49.286 42 GPS_INT 0 0 0 0 0 0 0 0 0 0 0 0 0 0 0 0 8
49.288 42 SVINFO 0 0 0 0 0 0 0
49.381 42 ROTORCRAFT_FP 0 0 -97 0 0 4115 77 365 39 0 0 -101 0 0 0
49.430 42 INS 0 0 97 0 0 -4362 -4 -105 49
49.470 42 ROTORCRAFT_NAV_STATUS 54 0 0.8 0. 0 2 0
49.529 42 GPS_INT 0 0 0 0 0 0 0 0 0 0 0 0 0 0 0 0 8
49.529 42 SVINFO 0 0 0 0 0 0 0
49.629 42 ROTORCRAFT_FP 0 0 -94 0 0 7695 78 366 39 0 0 -101 0 0 0
49.681 42 INS 0 0 127 0 0 18643 -63 -4 -32
49.767 42 DL_VALUE 49 283.
49.783 42 GPS_INT 0 0 0 0 0 0 0 0 0 0 0 0 0 0 0 0 8
49.784 42 SVINFO 0 0 0 0 0 0 0
49.883 42 ROTORCRAFT_FP 0 0 -114 0 0 -7320 78 366 39 0 0 -101 0 0 0
49.935 42 INS 0 0 139 0 0 26566 44 157 6
49.988 42 LINK_REPORT 42 -1 50 0 45003 1099 0 891. 21. 1488 7.62
50.035 42 GPS_INT 0 0 0 0 0 0 0 0 0 0 0 0 0 0 0 0 8
50.035 42 SVINFO 0 0 0 0 0 0 0
50.039 42 AIR_DATA 100556. 0. 34.18 1005.645996 0.721353 -1. -1.
50.137 42 ROTORCRAFT_FP 0 0 -93 0 0 11432 77 366 38 0 0 -101 0 0 0
50.151 42 WP_MOVED_ENU 12 -954 -2 253
50.188 42 INS 0 0 118 0 0 7745 -62 208 -116
50.287 42 GPS_INT 0 0 0 0 0 0 0 0 0 0 0 0 0 0 0 0 8
50.287 42 SVINFO 0 0 0 0 0 0 0
50.396 42 ROTORCRAFT_FP 0 0 -98 0 0 9069 77 366 38 0 0 -101 0 0 0
50.439 42 INS 0 0 98 0 0 -9001 -53 118 -92
50.461 42 PONG 
50.483 42 STATE_FILTER_STATUS 3 3 0
50.541 42 GPS_INT 0 0 0 0 0 0 0 0 0 0 0 0 0 0 0 0 8
50.541 42 SVINFO 0 0 0 0 0 0 0
50.643 42 ROTORCRAFT_FP 0 0 -98 0 0 10226 77 366 38 0 0 -101 0 0 0
50.689 42 WIND_INFO 42 5 0. 0. 0. 0.
50.693 42 INS 0 0 85 0 0 -20104 -29 5 -74
50.795 42 GPS_INT 0 0 0 0 0 0 0 0 0 0 0 0 0 0 0 0 8
50.796 42 SVINFO 0 0 0 0 0 0 0
50.877 42 DL_VALUE 50 82.
50.900 42 ROTORCRAFT_FP 0 0 -55 0 0 42408 78 366 38 0 0 -101 0 0 0
50.945 42 INS 0 0 42 0 0 -52164 75 43 -138
50.963 42 ROTORCRAFT_STATUS 0 0 0 30 0 9 0 0 2 4 118 57
50.988 42 LINK_REPORT 42 -1 51 0 45882 1121 0 879. 22. 1519 1.15
51.047 42 GPS_INT 0 0 0 0 0 0 0 0 0 0 0 0 0 0 0 0 8
51.047 42 SVINFO 0 0 0 0 0 0 0
51.086 42 ROTORCRAFT_NAV_STATUS 55 0 0.8 0. 0 2 0
51.148 42 ROTORCRAFT_FP 0 0 -77 0 0 23230 77 366 38 0 0 -101 0 0 0
51.191 42 ALIVE 245,241,57,166,41,78,173,218,186,16,142,239,108,64,167,55
51.203 42 INS 0 0 109 0 0 1006 -136 71 -51
51.204 42 AUTOPILOT_VERSION 51300 v5.13_devel-166-gae18987-dirty
51.299 42 GPS_INT 0 0 0 0 0 0 0 0 0 0 0 0 0 0 0 0 8
51.299 42 SVINFO 0 0 0 0 0 0 0
51.351 42 AIR_DATA 100557. 0. 34.200001 1005.645996 0.636799 -1. -1.
51.398 42 ROTORCRAFT_FP 0 0 -19 0 0 66969 77 366 38 0 0 -101 0 0 0
51.451 42 INS 0 0 17 0 0 -67412 -30 -6 -10
51.453 42 WP_MOVED_ENU 13 327 993 253
51.506 42 ENERGY 11.8 0. 0 0.
51.551 42 GPS_INT 0 0 0 0 0 0 0 0 0 0 0 0 0 0 0 0 8
51.551 42 SVINFO 0 0 0 0 0 0 0
51.652 42 ROTORCRAFT_FP 0 0 -86 0 0 13807 77 366 37 0 0 -101 0 0 0
51.705 42 INS 0 0 87 0 0 -13182 54 67 -82
51.805 42 GPS_INT 0 0 0 0 0 0 0 0 0 0 0 0 0 0 0 0 8
51.805 42 SVINFO 0 0 0 0 0 0 0
51.906 42 ROTORCRAFT_FP 0 0 -83 0 0 16133 77 366 37 0 0 -101 0 0 0
51.908 42 DATALINK_REPORT 0 1668 0 899 30 0
51.957 42 INS 0 0 67 0 0 -28221 47 102 -41
51.989 42 LINK_REPORT 42 -1 52 0 46835 1144 0 953. 23. 1549 1.15
51.990 42 DL_VALUE 51 20.
52.010 42 INS_REF 392433142 30036158 500219736 519906361 43767873 45110 0 100552.
52.059 42 GPS_INT 0 0 0 0 0 0 0 0 0 0 0 0 0 0 0 0 8
52.059 42 SVINFO 0 0 0 0 0 0 0
52.161 42 ROTORCRAFT_FP 0 0 -69 0 0 25675 77 366 37 0 0 -101 0 0 0
52.176 42 ROTORCRAFT_STATUS 0 0 0 29 0 9 0 0 2 4 118 58
52.212 42 INS 0 0 67 0 0 -26558 -127 105 -46
52.314 42 GPS_INT 0 0 0 0 0 0 0 0 0 0 0 0 0 0 0 0 8
52.315 42 SVINFO 0 0 0 0 0 0 0
52.413 42 ROTORCRAFT_FP 0 0 -137 0 0 -26775 78 365 37 0 0 -101 0 0 0
52.465 42 INS 0 0 137 0 0 26758 122 24 -9
52.569 42 GPS_INT 0 0 0 0 0 0 0 0 0 0 0 0 0 0 0 0 8
52.569 42 SVINFO 0 0 0 0 0 0 0
52.666 42 ROTORCRAFT_FP 0 0 -62 0 0 30238 76 366 37 0 0 -101 0 0 0
52.668 42 AIR_DATA 100561. 0. 34.240002 1005.645996 0.301224 -1. -1.
52.707 42 ROTORCRAFT_NAV_STATUS 57 0 0.8 0. 0 2 0
52.718 42 INS 0 0 37 0 0 -49393 -16 43 17
52.769 42 WP_MOVED_ENU 14 1134 -345 253
52.820 42 GPS_INT 0 0 0 0 0 0 0 0 0 0 0 0 0 0 0 0 8
52.820 42 SVINFO 0 0 0 0 0 0 0
52.918 42 ROTORCRAFT_FP 0 0 -74 0 0 17458 76 366 37 0 0 -101 0 0 0
52.972 42 INS 0 0 44 0 0 -41185 140 34 -151
52.990 42 LINK_REPORT 42 -1 53 0 47757 1166 0 922. 22. 1579 1.15
53.069 42 GPS_INT 0 0 0 0 0 0 0 0 0 0 0 0 0 0 0 0 8
53.069 42 SVINFO 0 0 0 0 0 0 0
53.099 42 DL_VALUE 52 0.68
53.168 42 ROTORCRAFT_FP 0 0 -57 0 0 28491 76 366 36 0 0 -101 0 0 0
53.223 42 INS 0 0 106 0 0 9067 77 94 46
53.312 42 ALIVE 245,241,57,166,41,78,173,218,186,16,142,239,108,64,167,55
53.321 42 GPS_INT 0 0 0 0 0 0 0 0 0 0 0 0 0 0 0 0 8
53.321 42 SVINFO 0 0 0 0 0 0 0
53.388 42 ROTORCRAFT_STATUS 0 0 0 30 0 9 0 0 2 4 118 59
53.423 42 I2C_ERRORS 0 0 0 0 0 0 0 0 0 0 0 2
53.423 42 I2C_ERRORS 0 0 0 0 0 0 0 0 0 0 0 0
53.424 42 ROTORCRAFT_FP 0 0 -59 0 0 27425 77 366 36 0 0 -101 0 0 0
53.474 42 INS 0 0 59 0 0 -28187 3 -88 100
53.574 42 GPS_INT 0 0 0 0 0 0 0 0 0 0 0 0 0 0 0 0 8
53.574 42 SVINFO 0 0 0 0 0 0 0
53.676 42 ROTORCRAFT_FP 0 0 -58 0 0 27366 76 366 36 0 0 -101 0 0 0
53.716 42 STATE_FILTER_STATUS 3 3 0
53.726 42 INS 0 0 57 0 0 -26745 73 -58 -1
53.829 42 GPS_INT 0 0 0 0 0 0 0 0 0 0 0 0 0 0 0 0 8
53.829 42 SVINFO 0 0 0 0 0 0 0
53.928 42 ROTORCRAFT_FP 0 0 -55 0 0 29364 76 366 36 0 0 -101 0 0 0
53.978 42 AIR_DATA 100558. 0. 34.27 1005.645996 0.552245 -1. -1.
53.979 42 INS 0 0 50 0 0 -32413 41 10 48
53.991 42 LINK_REPORT 42 -1 54 0 48698 1189 0 941. 23. 1609 1.15
54.031 42 ENERGY 11.8 0. 0 0.
54.078 42 WP_MOVED_ENU 0 0 0 256
54.079 42 GPS_INT 0 0 0 0 0 0 0 0 0 0 0 0 0 0 0 0 8
54.079 42 SVINFO 0 0 0 0 0 0 0
54.180 42 ROTORCRAFT_FP 0 0 -65 0 0 21367 76 366 36 0 0 -101 0 0 0
54.212 42 DL_VALUE 53 1.
54.232 42 INS 0 0 74 0 0 -14266 2 44 -12
54.320 42 ROTORCRAFT_NAV_STATUS 59 0 0.8 0. 0 2 0
54.332 42 GPS_INT 0 0 0 0 0 0 0 0 0 0 0 0 0 0 0 0 8
54.332 42 SVINFO 0 0 0 0 0 0 0
54.434 42 ROTORCRAFT_FP 0 0 -77 0 0 11709 77 366 36 0 0 -101 0 0 0
54.484 42 INS 0 0 72 0 0 -15865 -74 94 32
54.595 42 GPS_INT 0 0 0 0 0 0 0 0 0 0 0 0 0 0 0 0 8
54.595 42 SVINFO 0 0 0 0 0 0 0
54.599 42 ROTORCRAFT_STATUS 0 0 0 30 0 9 0 0 2 4 118 60
54.686 42 ROTORCRAFT_FP 0 0 -60 0 0 27340 76 371 37 0 0 -101 0 0 0
54.736 42 INS 0 0 60 0 0 -24496 -416 -217 15
54.836 42 GPS_INT 0 0 0 0 0 0 0 0 0 0 0 0 0 0 0 0 8
54.836 42 SVINFO 0 0 0 0 0 0 0
54.937 42 ROTORCRAFT_FP 0 0 -98 0 0 -2844 77 370 36 0 0 -101 0 0 0
54.992 42 LINK_REPORT 42 -1 55 0 49522 1209 0 824. 20. 1639 1.15
54.996 42 INS 0 0 139 0 0 34100 -69 -15 -43
55.090 42 GPS_INT 0 0 0 0 0 0 0 0 0 0 0 0 0 0 0 0 8
55.090 42 SVINFO 0 0 0 0 0 0 0
55.191 42 ROTORCRAFT_FP 0 0 -73 0 0 19448 75 370 35 0 0 -101 0 0 0
55.242 42 INS 0 0 61 0 0 -28647 98 122 12
55.291 42 AIR_DATA 100558. 0. 34.299999 1005.645996 0.552245 -1. -1.
55.324 42 DL_VALUE 54 101.
55.346 42 GPS_INT 0 0 0 0 0 0 0 0 0 0 0 0 0 0 0 0 8
55.346 42 SVINFO 0 0 0 0 0 0 0
55.405 42 WP_MOVED_ENU 1 151 -148 253
55.435 42 ALIVE 245,241,57,166,41,78,173,218,186,16,142,239,108,64,167,55
55.443 42 ROTORCRAFT_FP 0 0 -43 0 0 40470 78 372 35 0 0 -101 0 0 0
55.463 42 PONG 
55.498 42 INS 0 0 15 0 0 -61567 -99 -68 -54
55.596 42 GPS_INT 0 0 0 0 0 0 0 0 0 0 0 0 0 0 0 0 8
55.596 42 SVINFO 0 0 0 0 0 0 0
55.697 42 ROTORCRAFT_FP 0 0 -46 0 0 35221 77 371 36 0 0 -101 0 0 0
55.749 42 INS 0 0 45 0 0 -34983 -27 -105 18
55.812 42 ROTORCRAFT_STATUS 0 0 0 30 0 9 0 0 2 4 118 61
55.850 42 GPS_INT 0 0 0 0 0 0 0 0 0 0 0 0 0 0 0 0 8
55.850 42 SVINFO 0 0 0 0 0 0 0
55.939 42 ROTORCRAFT_NAV_STATUS 60 0 0.8 0. 0 2 0
55.952 42 ROTORCRAFT_FP 0 0 -89 0 0 1424 77 371 35 0 0 -101 0 0 0
55.992 42 LINK_REPORT 42 -1 56 0 50437 1232 0 915. 23. 1670 2.13
56.002 42 INS 0 0 116 0 0 17662 99 184 -174
56.103 42 GPS_INT 0 0 0 0 0 0 0 0 0 0 0 0 0 0 0 0 8
56.104 42 SVINFO 0 0 0 0 0 0 0
56.216 42 ROTORCRAFT_FP 0 0 -59 0 0 23875 76 370 36 0 0 -101 0 0 0
56.256 42 INS 0 0 62 0 0 -24381 18 -18 88
56.356 42 GPS_INT 0 0 0 0 0 0 0 0 0 0 0 0 0 0 0 0 8
56.356 42 SVINFO 0 0 0 0 0 0 0
56.435 42 DL_VALUE 55 1.
56.457 42 ROTORCRAFT_FP 0 0 -76 0 0 10365 77 371 35 0 0 -101 0 0 0
56.506 42 INS 0 0 118 0 0 21001 -65 42 45
56.558 42 ENERGY 11.8 0. 0 0.
56.604 42 AIR_DATA 100560. 0. 34.330002 1005.645996 0.385779 -1. -1.
56.606 42 GPS_INT 0 0 0 0 0 0 0 0 0 0 0 0 0 0 0 0 8
56.606 42 SVINFO 0 0 0 0 0 0 0
56.705 42 WP_MOVED_ENU 2 491 245 256
56.707 42 ROTORCRAFT_FP 0 0 -88 0 0 3399 76 369 35 0 0 -101 0 0 0
56.758 42 INS 0 0 88 0 0 -3449 -30 -57 179
56.862 42 GPS_INT 0 0 0 0 0 0 0 0 0 0 0 0 0 0 0 0 8
56.862 42 SVINFO 0 0 0 0 0 0 0
56.951 42 STATE_FILTER_STATUS 3 3 0
56.963 42 ROTORCRAFT_FP 0 0 -111 0 0 -13419 77 371 35 0 0 -101 0 0 0
56.993 42 LINK_REPORT 42 -1 57 0 51305 1253 0 868. 21. 1700 2.13
57.022 42 INS 0 0 83 0 0 -8334 -149 200 -66
57.034 42 ROTORCRAFT_STATUS 0 0 0 30 0 9 0 0 2 4 118 63
57.074 42 DATALINK_REPORT 0 1823 0 890 30 0
57.123 42 GPS_INT 0 0 0 0 0 0 0 0 0 0 0 0 0 0 0 0 8
57.124 42 SVINFO 0 0 0 0 0 0 0
57.178 42 INS_REF 392433142 30036158 500219736 519906361 43767873 45110 0 100552.
57.224 42 ROTORCRAFT_FP 0 0 -155 0 0 -44788 75 368 33 0 0 -101 0 0 0
57.275 42 INS 0 0 164 0 0 49213 -31 -118 51
57.375 42 GPS_INT 0 0 0 0 0 0 0 0 0 0 0 0 0 0 0 0 8
57.375 42 SVINFO 0 0 0 0 0 0 0
57.477 42 ROTORCRAFT_FP 0 0 -99 0 0 -51 76 369 33 0 0 -101 0 0 0
57.527 42 INS 0 0 122 0 0 16762 -20 -17 159
57.557 42 DL_VALUE 56 20.
57.564 42 ROTORCRAFT_NAV_STATUS 62 0 0.8 0. 0 2 0
57.568 42 ALIVE 245,241,57,166,41,78,173,218,186,16,142,239,108,64,167,55
57.583 42 I2C_ERRORS 0 0 0 0 0 0 0 0 0 0 0 1
57.584 42 I2C_ERRORS 0 0 0 0 0 0 0 0 0 0 0 2
57.627 42 GPS_INT 0 0 0 0 0 0 0 0 0 0 0 0 0 0 0 0 8
57.627 42 SVINFO 0 0 0 0 0 0 0
57.732 42 ROTORCRAFT_FP 0 0 -165 0 0 -48246 75 369 33 0 0 -101 0 0 0
57.780 42 INS 0 0 166 0 0 48711 74 -111 -51
57.882 42 GPS_INT 0 0 0 0 0 0 0 0 0 0 0 0 0 0 0 0 8
57.882 42 SVINFO 0 0 0 0 0 0 0
57.929 42 AIR_DATA 100564. 0. 34.369999 1005.645996 0.050204 -1. -1.
57.993 42 ROTORCRAFT_FP 0 0 -94 0 0 9775 75 368 33 0 0 -101 0 0 0
57.993 42 LINK_REPORT 42 -1 58 0 52316 1278 0 1011. 25. 1730 2.13
58.031 42 WP_MOVED_ENU 3 491 245 256
58.035 42 INS 0 0 100 0 0 -4173 30 -54 62
58.135 42 GPS_INT 0 0 0 0 0 0 0 0 0 0 0 0 0 0 0 0 8
58.136 42 SVINFO 0 0 0 0 0 0 0
58.237 42 ROTORCRAFT_FP 0 0 -98 0 0 7978 75 369 33 0 0 -101 0 0 0
58.247 42 ROTORCRAFT_STATUS 0 0 0 29 0 9 0 0 2 4 118 64
58.395 42 GPS_INT 0 0 0 0 0 0 0 0 0 0 0 0 0 0 0 0 8
58.395 42 SVINFO 0 0 0 0 0 0 0
58.488 42 ROTORCRAFT_FP 0 0 -77 0 0 23220 76 370 32 0 0 -101 0 0 0
58.539 42 INS 0 0 109 0 0 158 30 179 40
58.639 42 GPS_INT 0 0 0 0 0 0 0 0 0 0 0 0 0 0 0 0 8
58.639 42 SVINFO 0 0 0 0 0 0 0
58.667 42 DL_VALUE 57 0.
58.740 42 ROTORCRAFT_FP 0 0 -123 0 0 -12745 76 368 32 0 0 -101 0 0 0
58.792 42 INS 0 0 123 0 0 11350 -104 71 60
58.893 42 GPS_INT 0 0 0 0 0 0 0 0 0 0 0 0 0 0 0 0 8
58.893 42 SVINFO 0 0 0 0 0 0 0
58.994 42 LINK_REPORT 42 -1 59 0 53029 1295 0 713. 17. 1759 2.13
58.994 42 ROTORCRAFT_FP 0 0 -73 0 0 27010 75 369 32 0 0 -101 0 0 0
59.045 42 INS 0 0 115 0 0 5007 -55 -28 -27
59.098 42 ENERGY 11.8 0. 0 0.
59.145 42 GPS_INT 0 0 0 0 0 0 0 0 0 0 0 0 0 0 0 0 8
59.153 42 SVINFO 0 0 0 0 0 0 0
59.182 42 ROTORCRAFT_NAV_STATUS 64 0 0.8 0. 0 2 0
59.240 42 AIR_DATA 100558. 0. 34.389999 1005.645996 0.552245 -1. -1.
59.244 42 ROTORCRAFT_FP 0 0 -78 0 0 23861 75 369 32 0 0 -101 0 0 0
59.295 42 INS 0 0 82 0 0 -20708 0 157 -19
59.342 42 WP_MOVED_ENU 4 197 -440 256
59.397 42 GPS_INT 0 0 0 0 0 0 0 0 0 0 0 0 0 0 0 0 8
59.397 42 SVINFO 0 0 0 0 0 0 0
59.457 42 ROTORCRAFT_STATUS 0 0 0 30 0 9 0 0 2 4 118 65
59.498 42 ROTORCRAFT_FP 0 0 -112 0 0 -1296 73 367 32 0 0 -101 0 0 0
59.548 42 INS 0 0 120 0 0 7194 157 -91 -168
59.650 42 GPS_INT 0 0 0 0 0 0 0 0 0 0 0 0 0 0 0 0 8
59.650 42 SVINFO 0 0 0 0 0 0 0
59.693 42 ALIVE 245,241,57,166,41,78,173,218,186,16,142,239,108,64,167,55
59.750 42 ROTORCRAFT_FP 0 0 -89 0 0 17405 74 368 31 0 0 -101 0 0 0
59.780 42 DL_VALUE 58 0.5
59.803 42 INS 0 0 88 0 0 -18637 42 3 -22
59.907 42 GPS_INT 0 0 0 0 0 0 0 0 0 0 0 0 0 0 0 0 8
59.908 42 SVINFO 0 0 0 0 0 0 0
59.994 42 LINK_REPORT 42 -1 60 0 53958 1318 0 929. 23. 1789 2.13
60.002 42 ROTORCRAFT_FP 0 0 -87 0 0 18395 74 369 30 0 0 -101 0 0 0
60.052 42 INS 0 0 86 0 0 -18351 114 107 -109
60.154 42 GPS_INT 0 0 0 0 0 0 0 0 0 0 0 0 0 0 0 0 8
60.155 42 SVINFO 0 0 0 0 0 0 0
60.193 42 STATE_FILTER_STATUS 3 3 0
60.261 42 ROTORCRAFT_FP 0 0 -86 0 0 18105 74 370 30 0 0 -101 0 0 0
60.304 42 INS 0 0 77 0 0 -24622 35 170 -7
60.407 42 GPS_INT 0 0 0 0 0 0 0 0 0 0 0 0 0 0 0 0 8
60.407 42 SVINFO 0 0 0 0 0 0 0
60.462 42 PONG 
60.506 42 ROTORCRAFT_FP 0 0 -57 0 0 37293 74 369 31 0 0 -101 0 0 0
60.553 42 AIR_DATA 100562. 0. 34.419998 1005.645996 0.219313 -1. -1.
60.558 42 INS 0 0 88 0 0 -13841 -59 -54 16
60.652 42 WP_MOVED_ENU 5 4 575 256
60.666 42 GPS_INT 0 0 0 0 0 0 0 0 0 0 0 0 0 0 0 0 8
60.666 42 SVINFO 0 0 0 0 0 0 0
60.669 42 ROTORCRAFT_STATUS 0 0 0 30 0 9 0 0 2 4 118 66
60.690 42 WIND_INFO 42 5 0. 0. 0. 0.
60.760 42 ROTORCRAFT_FP 0 0 -101 0 0 6411 72 368 30 0 0 -101 0 0 0
60.797 42 ROTORCRAFT_NAV_STATUS 65 0 0.8 0. 0 2 0
60.809 42 INS 0 0 67 0 0 -31488 51 -143 23
60.890 42 DL_VALUE 59 1.169371
60.913 42 GPS_INT 0 0 0 0 0 0 0 0 0 0 0 0 0 0 0 0 8
60.913 42 SVINFO 0 0 0 0 0 0 0
60.994 42 LINK_REPORT 42 -1 61 0 54860 1341 0 902. 23. 1821 1.12
61.013 42 ROTORCRAFT_FP 0 0 -117 0 0 -5638 73 370 30 0 0 -101 0 0 0
61.068 42 INS 0 0 117 0 0 5322 -92 167 -49
61.166 42 GPS_INT 0 0 0 0 0 0 0 0 0 0 0 0 0 0 0 0 8
61.166 42 SVINFO 0 0 0 0 0 0 0
61.266 42 ROTORCRAFT_FP 0 0 -60 0 0 32644 70 365 32 0 0 -101 0 0 0
61.320 42 INS 0 0 62 0 0 -38076 169 -275 277
61.418 42 GPS_INT 0 0 0 0 0 0 0 0 0 0 0 0 0 0 0 0 8
61.418 42 SVINFO 0 0 0 0 0 0 0
61.521 42 ROTORCRAFT_FP 0 0 -61 0 0 32493 70 364 29 0 0 -101 0 0 0
61.571 42 INS 0 0 63 0 0 -31159 187 8 261
61.623 42 ENERGY 11.8 0. 0 0.
61.670 42 GPS_INT 0 0 0 0 0 0 0 0 0 0 0 0 0 0 0 0 8
61.672 42 SVINFO 0 0 0 0 0 0 0
61.719 42 I2C_ERRORS 0 0 0 0 0 0 0 0 0 0 0 0
61.719 42 I2C_ERRORS 0 0 0 0 0 0 0 0 0 0 0 1
61.720 42 I2C_ERRORS 0 0 0 0 0 0 0 0 0 0 0 2
61.774 42 ROTORCRAFT_FP 0 0 -78 0 0 20859 71 364 29 0 0 -101 0 0 0
61.813 42 ALIVE 245,241,57,166,41,78,173,218,186,16,142,239,108,64,167,55
61.822 42 INS 0 0 35 0 0 -50796 102 22 -90
61.865 42 AIR_DATA 100554. 0. 34.459999 1005.645996 0.890462 -1. -1.
61.884 42 ROTORCRAFT_STATUS 0 0 0 30 0 9 0 0 2 4 118 68
61.931 42 GPS_INT 0 0 0 0 0 0 0 0 0 0 0 0 0 0 0 0 8
61.931 42 SVINFO 0 0 0 0 0 0 0
61.966 42 WP_MOVED_ENU 6 5 719 256
61.995 42 LINK_REPORT 42 -1 62 0 55852 1365 0 992. 24. 1851 1.12
62.004 42 DL_VALUE 60 0.85
62.026 42 ROTORCRAFT_FP 0 0 -102 0 0 -658 71 365 29 0 0 -101 0 0 0
62.076 42 INS 0 0 102 0 0 1498 -97 34 -120
62.178 42 GPS_INT 0 0 0 0 0 0 0 0 0 0 0 0 0 0 0 0 8
62.178 42 SVINFO 0 0 0 0 0 0 0
62.230 42 DATALINK_REPORT 0 1979 0 916 30 0
62.284 42 ROTORCRAFT_FP 0 0 -86 0 0 10223 71 365 29 0 0 -101 0 0 0
62.333 42 INS_REF 392433142 30036158 500219736 519906361 43767873 45110 0 100552.
62.333 42 INS 0 0 105 0 0 3660 21 32 -51
62.416 42 ROTORCRAFT_NAV_STATUS 67 0 0.8 0. 0 2 0
62.430 42 GPS_INT 0 0 0 0 0 0 0 0 0 0 0 0 0 0 0 0 8
62.430 42 SVINFO 0 0 0 0 0 0 0
62.435 42 AUTOPILOT_VERSION 51300 v5.13_devel-166-gae18987-dirty
62.532 42 ROTORCRAFT_FP 0 0 -105 0 0 -2437 69 365 28 0 0 -101 0 0 0
62.582 42 INS 0 0 32 0 0 -51689 3 151 -6
62.691 42 GPS_INT 0 0 0 0 0 0 0 0 0 0 0 0 0 0 0 0 8
62.692 42 SVINFO 0 0 0 0 0 0 0
62.784 42 ROTORCRAFT_FP 0 0 -73 0 0 20739 70 365 28 0 0 -101 0 0 0
62.834 42 INS 0 0 79 0 0 -16586 -17 106 88
62.936 42 GPS_INT 0 0 0 0 0 0 0 0 0 0 0 0 0 0 0 0 8
62.936 42 SVINFO 0 0 0 0 0 0 0
62.995 42 LINK_REPORT 42 -1 63 0 56754 1386 0 902. 21. 1881 1.12
63.036 42 ROTORCRAFT_FP 0 0 -22 0 0 57510 70 365 28 0 0 -101 0 0 0
63.094 42 INS 0 0 20 0 0 -57350 -10 -128 -55
63.096 42 ROTORCRAFT_STATUS 0 0 0 29 0 9 0 0 2 4 118 69
63.115 42 DL_VALUE 61 120.
63.181 42 AIR_DATA 100557. 0. 34.490002 1005.645996 0.636799 -1. -1.
63.188 42 GPS_INT 0 0 0 0 0 0 0 0 0 0 0 0 0 0 0 0 8
63.188 42 SVINFO 0 0 0 0 0 0 0
63.281 42 WP_MOVED_ENU 7 -256 -1500 253
63.290 42 ROTORCRAFT_FP 0 0 -63 0 0 22780 70 365 27 0 0 -101 0 0 0
63.340 42 INS 0 0 62 0 0 -23008 108 -32 79
63.429 42 STATE_FILTER_STATUS 3 3 0
63.441 42 GPS_INT 0 0 0 0 0 0 0 0 0 0 0 0 0 0 0 0 8
63.441 42 SVINFO 0 0 0 0 0 0 0
63.543 42 ROTORCRAFT_FP 0 0 -99 0 0 -2981 71 365 27 0 0 -101 0 0 0
63.594 42 INS 0 0 94 0 0 -1200 -99 186 -55
63.696 42 GPS_INT 0 0 0 0 0 0 0 0 0 0 0 0 0 0 0 0 8
63.696 42 SVINFO 0 0 0 0 0 0 0
63.794 42 ROTORCRAFT_FP 0 0 -61 0 0 26049 69 365 28 0 0 -101 0 0 0
63.847 42 INS 0 0 100 0 0 3521 121 11 18
63.937 42 ALIVE 245,241,57,166,41,78,173,218,186,16,142,239,108,64,167,55
63.947 42 GPS_INT 0 0 0 0 0 0 0 0 0 0 0 0 0 0 0 0 8
63.947 42 SVINFO 0 0 0 0 0 0 0
63.995 42 LINK_REPORT 42 -1 64 0 57650 1408 0 896. 22. 1911 1.12
64.033 42 ROTORCRAFT_NAV_STATUS 68 0 0.8 0. 0 2 0
64.047 42 ROTORCRAFT_FP 0 0 -105 0 0 -7111 70 365 27 0 0 -101 0 0 0
64.096 42 INS 0 0 105 0 0 6323 -58 24 -6
64.150 42 ENERGY 11.8 0. 0 0.
64.199 42 GPS_INT 0 0 0 0 0 0 0 0 0 0 0 0 0 0 0 0 8
64.199 42 SVINFO 0 0 0 0 0 0 0
64.224 42 DL_VALUE 62 230.
64.304 42 ROTORCRAFT_FP 0 0 -41 0 0 41150 69 364 27 0 0 -101 0 0 0
64.304 42 ROTORCRAFT_STATUS 0 0 0 30 0 9 0 0 2 4 118 70
64.347 42 INS 0 0 39 0 0 -41145 -19 30 24
64.449 42 GPS_INT 0 0 0 0 0 0 0 0 0 0 0 0 0 0 0 0 8
64.449 42 SVINFO 0 0 0 0 0 0 0
64.490 42 AIR_DATA 100556. 0. 34.52 1005.645996 0.721353 -1. -1.
64.549 42 ROTORCRAFT_FP 0 0 -62 0 0 22991 70 366 27 0 0 -101 0 0 0
64.592 42 WP_MOVED_ENU 8 -1292 12 256
64.601 42 INS 0 0 54 0 0 -28460 7 -29 -103
64.710 42 GPS_INT 0 0 0 0 0 0 0 0 0 0 0 0 0 0 0 0 8
64.710 42 SVINFO 0 0 0 0 0 0 0
64.803 42 ROTORCRAFT_FP 0 0 -78 0 0 10483 70 366 27 0 0 -101 0 0 0
64.853 42 INS 0 0 91 0 0 -846 -2 62 -132
64.955 42 GPS_INT 0 0 0 0 0 0 0 0 0 0 0 0 0 0 0 0 8
64.955 42 SVINFO 0 0 0 0 0 0 0
64.996 42 LINK_REPORT 42 -1 65 0 58554 1430 0 904. 22. 1941 1.12
65.057 42 ROTORCRAFT_FP 0 0 -35 0 0 40791 68 364 28 0 0 -101 0 0 0
65.113 42 INS 0 0 48 0 0 -30860 -11 -84 5
65.210 42 GPS_INT 0 0 0 0 0 0 0 0 0 0 0 0 0 0 0 0 8
65.210 42 SVINFO 0 0 0 0 0 0 0
65.309 42 ROTORCRAFT_FP 0 0 -110 0 0 -14719 69 365 27 0 0 -101 0 0 0
65.335 42 DL_VALUE 63 40.
65.361 42 INS 0 0 110 0 0 15189 108 29 27
65.461 42 GPS_INT 0 0 0 0 0 0 0 0 0 0 0 0 0 0 0 0 8
65.461 42 SVINFO 0 0 0 0 0 0 0
65.463 42 PONG 
65.519 42 ROTORCRAFT_STATUS 0 0 0 30 0 9 0 0 2 4 118 71
65.565 42 ROTORCRAFT_FP 0 0 -148 0 0 -40060 69 365 27 0 0 -101 0 0 0
65.613 42 INS 0 0 150 0 0 40286 -11 130 -25
65.651 42 ROTORCRAFT_NAV_STATUS 70 0 0.8 0. 0 2 0
65.715 42 GPS_INT 0 0 0 0 0 0 0 0 0 0 0 0 0 0 0 0 8
65.715 42 SVINFO 0 0 0 0 0 0 0
65.806 42 AIR_DATA 100555. 0. 34.540001 1005.645996 0.805908 -1. -1.
65.816 42 ROTORCRAFT_FP 0 0 -60 0 0 26594 70 366 26 0 0 -101 0 0 0
65.865 42 I2C_ERRORS 0 0 0 0 0 0 0 0 0 0 0 0
65.865 42 I2C_ERRORS 0 0 0 0 0 0 0 0 0 0 0 1
65.867 42 INS 0 0 137 0 0 29214 -163 30 -77
65.906 42 WP_MOVED_ENU 9 312 1249 256
65.970 42 GPS_INT 0 0 0 0 0 0 0 0 0 0 0 0 0 0 0 0 8
65.970 42 SVINFO 0 0 0 0 0 0 0
65.997 42 LINK_REPORT 42 -1 66 0 59510 1454 0 956. 24. 1972 0.9
66.059 42 ALIVE 245,241,57,166,41,78,173,218,186,16,142,239,108,64,167,55
66.068 42 ROTORCRAFT_FP 0 0 -97 0 0 1389 69 366 26 0 0 -101 0 0 0
66.121 42 INS 0 0 83 0 0 -12214 56 -66 -9
66.219 42 GPS_INT 0 0 0 0 0 0 0 0 0 0 0 0 0 0 0 0 8
66.219 42 SVINFO 0 0 0 0 0 0 0
66.327 42 ROTORCRAFT_FP 0 0 -92 0 0 4497 68 365 25 0 0 -101 0 0 0
66.371 42 INS 0 0 92 0 0 -4666 62 -65 17
66.449 42 DL_VALUE 64 0.
66.472 42 GPS_INT 0 0 0 0 0 0 0 0 0 0 0 0 0 0 0 0 8
66.473 42 SVINFO 0 0 0 0 0 0 0
66.572 42 ROTORCRAFT_FP 0 0 -68 0 0 22926 68 365 25 0 0 -101 0 0 0
66.623 42 INS 0 0 85 0 0 -10292 97 -71 12
66.660 42 STATE_FILTER_STATUS 3 3 0
66.675 42 ENERGY 11.8 0. 0 0.
66.729 42 GPS_INT 0 0 0 0 0 0 0 0 0 0 0 0 0 0 0 0 8
66.729 42 SVINFO 0 0 0 0 0 0 0
66.729 42 ROTORCRAFT_STATUS 0 0 0 30 0 9 0 0 2 4 118 72
66.824 42 ROTORCRAFT_FP 0 0 -68 0 0 22473 69 366 25 0 0 -101 0 0 0
66.875 42 INS 0 0 67 0 0 -24409 28 148 -10
66.976 42 GPS_INT 0 0 0 0 0 0 0 0 0 0 0 0 0 0 0 0 8
66.976 42 SVINFO 0 0 0 0 0 0 0
66.997 42 LINK_REPORT 42 -1 67 0 60371 1475 0 861. 21. 2001 0.9
67.076 42 ROTORCRAFT_FP 0 0 -63 0 0 25831 67 365 25 0 0 -101 0 0 0
67.115 42 AIR_DATA 100561. 0. 34.580002 1005.645996 0.301224 -1. -1.
67.134 42 INS 0 0 83 0 0 -12156 -21 80 9
67.217 42 WP_MOVED_ENU 10 1448 -386 253
67.230 42 GPS_INT 0 0 0 0 0 0 0 0 0 0 0 0 0 0 0 0 8
67.233 42 SVINFO 0 0 0 0 0 0 0
67.265 42 ROTORCRAFT_NAV_STATUS 72 0 0.8 0. 0 2 0
67.331 42 ROTORCRAFT_FP 0 0 -69 0 0 20421 67 365 24 0 0 -101 0 0 0
67.381 42 DATALINK_REPORT 0 2134 0 902 30 0
67.381 42 INS 0 0 68 0 0 -21060 189 5 -43
67.482 42 INS_REF 392433142 30036158 500219736 519906361 43767873 45110 0 100552.
67.483 42 GPS_INT 0 0 0 0 0 0 0 0 0 0 0 0 0 0 0 0 8
67.483 42 SVINFO 0 0 0 0 0 0 0
67.560 42 DL_VALUE 65 0.
67.584 42 ROTORCRAFT_FP 0 0 -58 0 0 26771 67 365 24 0 0 -101 0 0 0
