1.332 42 ROTORCRAFT_FP 0 0 83 0 0 50653 -39 228 -354 0 0 102 -354 0 0
1.372 42 INS 0 0 -76 0 0 -43027 115 47 47
1.472 42 GPS_INT 0 0 0 0 0 0 0 0 0 0 0 0 0 0 0 0 8
1.472 42 SVINFO 0 0 0 0 0 0 0
1.495 42 AIR_DATA 99886. 0. 35.849998 998.935181 0.634157 -1. -1.
1.505 42 ROTORCRAFT_STATUS 0 0 2 0 0 13 0 0 4 5 118 36
1.578 42 ROTORCRAFT_FP 0 0 18 0 0 -17422 -38 223 -382 0 0 102 -382 0 0
1.597 42 WP_MOVED_ENU 12 -954 -2 253
1.626 42 INS 0 0 -17 0 0 16321 93 381 -46
1.742 42 GPS_INT 0 0 0 0 0 0 0 0 0 0 0 0 0 0 0 0 8
1.742 42 SVINFO 0 0 0 0 0 0 0
1.828 42 ROTORCRAFT_FP 0 0 37 0 0 4933 -32 228 -398 0 0 102 -398 0 0
1.879 42 INS 0 0 -71 0 0 -33833 218 382 -48
1.957 42 LINK_REPORT 42 -1 2 0 1753 41 0 894. 21. 0 0.
1.991 42 GPS_INT 0 0 0 0 0 0 0 0 0 0 0 0 0 0 0 0 8
1.991 42 SVINFO 0 0 0 0 0 0 0
2.019 42 DL_VALUE 32 28.
2.080 42 ROTORCRAFT_FP 0 0 96 0 0 54050 -26 236 -416 0 0 102 -416 0 0
2.130 42 INS 0 0 -76 0 0 -36425 88 296 40
2.238 42 STATE_FILTER_STATUS 3 3 0
2.239 42 GPS_INT 0 0 0 0 0 0 0 0 0 0 0 0 0 0 0 0 8
2.239 42 SVINFO 0 0 0 0 0 0 0
2.330 42 ROTORCRAFT_FP 0 0 89 0 0 44759 -46 216 -407 0 0 102 -407 0 0
2.381 42 INS 0 0 -88 0 0 -43845 -2 243 -70
2.433 42 DATALINK_REPORT 36 0 0 901 0 0
2.434 42 ENERGY 11.8 0. 0 0.
2.481 42 GPS_INT 0 0 0 0 0 0 0 0 0 0 0 0 0 0 0 0 8
2.482 42 SVINFO 0 0 0 0 0 0 0
2.533 42 INS_REF 392433142 30036158 500219736 519906361 43767873 45110 0 99881.
2.580 42 ROTORCRAFT_FP 0 0 77 0 0 35463 -62 213 -396 0 0 102 -396 0 0
2.645 42 INS 0 0 -72 0 0 -31707 -25 330 -278
2.716 42 ROTORCRAFT_STATUS 0 0 2 0 0 13 0 0 4 5 118 37
2.734 42 GPS_INT 0 0 0 0 0 0 0 0 0 0 0 0 0 0 0 0 8
2.734 42 SVINFO 0 0 0 0 0 0 0
2.811 42 AIR_DATA 99880. 0. 35.889999 998.935181 1.141482 -1. -1.
2.825 42 ROTORCRAFT_NAV_STATUS 36 0 0.8 0. 0 2 0
2.832 42 ROTORCRAFT_FP 0 0 65 0 0 17391 -74 214 -392 0 0 102 -392 0 0
2.892 42 INS 0 0 -66 0 0 -19165 -11 393 -60
2.904 42 WP_MOVED_ENU 13 327 993 253
2.957 42 LINK_REPORT 42 -1 3 0 2728 66 0 975. 25. 0 0.
2.986 42 SVINFO 0 0 0 0 0 0 0
3.086 42 ROTORCRAFT_FP 0 0 40 0 0 -1785 -68 207 -386 0 0 102 -386 0 0
3.140 42 DL_VALUE 33 0.0397
3.140 42 INS 0 0 -48 0 0 -4698 103 168 0
3.237 42 ALIVE 245,241,57,166,41,78,173,218,186,16,142,239,108,64,167,55
3.242 42 GPS_INT 0 0 0 0 0 0 0 0 0 0 0 0 0 0 0 0 8
3.242 42 SVINFO 0 0 0 0 0 0 0
3.338 42 ROTORCRAFT_FP 0 0 51 0 0 13187 -73 194 -352 0 0 102 -352 0 0
3.392 42 INS 0 0 -23 0 0 12245 76 212 47
3.494 42 GPS_INT 0 0 0 0 0 0 0 0 0 0 0 0 0 0 0 0 8
3.494 42 SVINFO 0 0 0 0 0 0 0
3.596 42 ROTORCRAFT_FP 0 0 6 0 0 -33202 -87 206 -351 0 0 102 -351 0 0
3.663 42 INS 0 0 -52 0 0 -7405 143 264 -2
3.746 42 GPS_INT 0 0 0 0 0 0 0 0 0 0 0 0 0 0 0 0 8
3.746 42 SVINFO 0 0 0 0 0 0 0
3.848 42 ROTORCRAFT_FP 0 0 30 0 0 -8890 -64 211 -358 0 0 102 -358 0 0
3.849 42 I2C_ERRORS 0 0 0 0 0 0 0 0 0 0 0 0
3.850 42 I2C_ERRORS 0 0 0 0 0 0 0 0 0 0 0 1
3.906 42 INS 0 0 -30 0 0 7996 111 247 43
3.926 42 ROTORCRAFT_STATUS 0 0 2 0 0 13 0 0 4 5 118 38
3.957 42 LINK_REPORT 42 -1 4 0 3556 86 0 828. 20. 0 0.
3.998 42 GPS_INT 0 0 0 0 0 0 0 0 0 0 0 0 0 0 0 0 8
3.998 42 SVINFO 0 0 0 0 0 0 0
4.100 42 ROTORCRAFT_FP 0 0 31 0 0 -6970 -65 213 -348 0 0 102 -348 0 0
4.119 42 AIR_DATA 99881. 0. 35.939999 998.935181 1.056928 -1. -1.
4.155 42 INS 0 0 -51 0 0 -12172 130 287 -86
4.235 42 WP_MOVED_ENU 14 1134 -345 253
4.240 42 DL_VALUE 34 600.
4.252 42 GPS_INT 0 0 0 0 0 0 0 0 0 0 0 0 0 0 0 0 8
4.252 42 SVINFO 0 0 0 0 0 0 0
4.355 42 ROTORCRAFT_FP 0 0 69 0 0 30172 -71 220 -337 0 0 102 -337 0 0
4.404 42 INS 0 0 -92 0 0 -49392 61 386 14
4.449 42 ROTORCRAFT_NAV_STATUS 38 0 0.8 0. 0 2 0
4.506 42 GPS_INT 0 0 0 0 0 0 0 0 0 0 0 0 0 0 0 0 8
4.506 42 SVINFO 0 0 0 0 0 0 0
4.606 42 ROTORCRAFT_FP 0 0 81 0 0 34669 -88 223 -341 0 0 102 -341 0 0
4.658 42 INS 0 0 -91 0 0 -42475 26 527 109
4.757 42 GPS_INT 0 0 0 0 0 0 0 0 0 0 0 0 0 0 0 0 8
4.758 42 SVINFO 0 0 0 0 0 0 0
4.862 42 ROTORCRAFT_FP 0 0 41 0 0 -7342 -100 206 -369 0 0 102 -369 0 0
4.910 42 INS 0 0 -41 0 0 7781 188 354 23
4.957 42 LINK_REPORT 42 -1 5 0 4413 106 0 857. 20. 0 0.
4.976 42 ENERGY 11.8 0. 0 0.
5.012 42 GPS_INT 0 0 0 0 0 0 0 0 0 0 0 0 0 0 0 0 8
5.012 42 SVINFO 0 0 0 0 0 0 0
5.112 42 ROTORCRAFT_FP 0 0 2 0 0 -40691 -103 205 -370 0 0 102 -370 0 0
5.142 42 ROTORCRAFT_STATUS 0 0 2 0 0 13 0 0 4 5 118 40
5.168 42 INS 0 0 0 0 0 42649 90 140 -11
5.265 42 GPS_INT 0 0 0 0 0 0 0 0 0 0 0 0 0 0 0 0 8
5.265 42 SVINFO 0 0 0 0 0 0 0
5.353 42 DL_VALUE 35 28.
5.361 42 ALIVE 245,241,57,166,41,78,173,218,186,16,142,239,108,64,167,55
5.365 42 ROTORCRAFT_FP 0 0 16 0 0 -22366 -99 203 -397 0 0 102 -397 0 0
5.418 42 INS 0 0 0 0 0 34602 246 211 -28
5.435 42 AIR_DATA 99884. 0. 35.98 998.935181 0.803265 -1. -1.
5.477 42 PONG 
5.477 42 STATE_FILTER_STATUS 3 3 0
5.516 42 GPS_INT 0 0 0 0 0 0 0 0 0 0 0 0 0 0 0 0 8
5.516 42 SVINFO 0 0 0 0 0 0 0
5.534 42 WP_MOVED_ENU 0 0 0 256
5.617 42 ROTORCRAFT_FP 0 0 -30 0 0 -53940 -93 212 -407 0 0 102 -407 0 0
5.668 42 INS 0 0 45 0 0 65859 86 24 -11
5.770 42 GPS_INT 0 0 0 0 0 0 0 0 0 0 0 0 0 0 0 0 8
5.770 42 SVINFO 0 0 0 0 0 0 0
5.883 42 ROTORCRAFT_FP 0 0 -51 0 0 -67608 -100 222 -392 0 0 102 -392 0 0
5.922 42 INS 0 0 52 0 0 65844 70 299 49
5.958 42 LINK_REPORT 42 -1 6 0 5339 130 0 926. 24. 1 21.78
6.099 42 GPS_INT 0 0 0 0 0 0 0 0 0 0 0 0 0 0 0 0 8
6.100 42 SVINFO 0 0 0 0 0 0 0
6.120 42 ROTORCRAFT_NAV_STATUS 39 0 0.8 0. 0 2 0
6.140 42 ROTORCRAFT_FP 0 0 -41 0 0 -47555 -101 223 -400 0 0 102 -400 0 0
6.180 42 INS 0 0 42 0 0 47574 -6 373 -38
6.273 42 GPS_INT 0 0 0 0 0 0 0 0 0 0 0 0 0 0 0 0 8
6.274 42 SVINFO 0 0 0 0 0 0 0
6.349 42 ROTORCRAFT_STATUS 0 0 2 0 0 13 0 0 4 5 118 41
6.378 42 ROTORCRAFT_FP 0 0 -81 0 0 -78283 -103 238 -414 0 0 102 -414 0 0
6.424 42 INS 0 0 51 0 0 51295 96 306 76
6.463 42 DL_VALUE 36 0.0299
6.533 42 GPS_INT 0 0 0 0 0 0 0 0 0 0 0 0 0 0 0 0 8
6.534 42 SVINFO 0 0 0 0 0 0 0
6.630 42 ROTORCRAFT_FP 0 0 -52 0 0 -45555 -100 231 -411 0 0 102 -411 0 0
6.678 42 INS 0 0 50 0 0 39665 53 348 -302
6.746 42 AIR_DATA 99889. 0. 36.02 998.935181 0.380494 -1. -1.
6.795 42 GPS_INT 0 0 0 0 0 0 0 0 0 0 0 0 0 0 0 0 8
6.795 42 SVINFO 0 0 0 0 0 0 0
6.845 42 WP_MOVED_ENU 1 151 -148 253
6.879 42 ROTORCRAFT_FP 0 0 -51 0 0 -33379 -91 248 -411 0 0 102 -411 0 0
6.930 42 INS 0 0 52 0 0 33736 -94 259 -125
6.958 42 LINK_REPORT 42 -1 7 0 6221 151 0 882. 21. 1 21.78
7.037 42 GPS_INT 0 0 0 0 0 0 0 0 0 0 0 0 0 0 0 0 8
7.038 42 SVINFO 0 0 0 0 0 0 0
7.133 42 ROTORCRAFT_FP 0 0 -42 0 0 -22104 -96 244 -394 0 0 102 -394 0 0
7.187 42 INS 0 0 43 0 0 22085 141 -204 31
7.289 42 SVINFO 0 0 0 0 0 0 0
7.453 42 INS 0 0 97 0 0 67461 92 23 -109
7.482 42 ALIVE 245,241,57,166,41,78,173,218,186,16,142,239,108,64,167,55
7.490 42 ENERGY 11.8 0. 0 0.
7.537 42 GPS_INT 0 0 0 0 0 0 0 0 0 0 0 0 0 0 0 0 8
7.537 42 SVINFO 0 0 0 0 0 0 0
7.562 42 ROTORCRAFT_STATUS 0 0 2 0 0 13 0 0 4 5 118 42
7.575 42 DL_VALUE 37 600.
7.589 42 DATALINK_REPORT 2 1 0 906 0 0
7.639 42 ROTORCRAFT_FP 0 0 -98 0 0 -63269 -99 222 -429 0 0 102 -429 0 0
7.703 42 ROTORCRAFT_NAV_STATUS 41 0 0.8 0. 0 2 0
7.703 42 INS 0 0 95 0 0 61366 49 303 -62
7.704 42 INS_REF 392433142 30036158 500219736 519906361 43767873 45110 0 99881.
7.805 42 GPS_INT 0 0 0 0 0 0 0 0 0 0 0 0 0 0 0 0 8
7.812 42 SVINFO 0 0 0 0 0 0 0
7.896 42 ROTORCRAFT_FP 0 0 -91 0 0 -47555 -95 218 -422 0 0 102 -422 0 0
7.947 42 INS 0 0 91 0 0 47384 185 55 31
7.959 42 LINK_REPORT 42 -1 8 0 7021 172 0 800. 21. 1 21.78
7.994 42 I2C_ERRORS 0 0 0 0 0 0 0 0 0 0 0 2
7.994 42 I2C_ERRORS 0 0 0 0 0 0 0 0 0 0 0 0
8.046 42 GPS_INT 0 0 0 0 0 0 0 0 0 0 0 0 0 0 0 0 8
8.051 42 SVINFO 0 0 0 0 0 0 0
8.060 42 AIR_DATA 99883. 0. 36.060001 998.935181 0.887819 -1. -1.
8.146 42 ROTORCRAFT_FP 0 0 -74 0 0 -28222 -101 220 -432 0 0 102 -432 0 0
8.163 42 WP_MOVED_ENU 2 491 245 256
8.199 42 INS 0 0 75 0 0 28166 82 337 95
8.297 42 GPS_INT 0 0 0 0 0 0 0 0 0 0 0 0 0 0 0 0 8
8.297 42 SVINFO 0 0 0 0 0 0 0
8.397 42 ROTORCRAFT_FP 0 0 -65 0 0 -16921 -110 213 -454 0 0 102 -454 0 0
8.448 42 INS 0 0 66 0 0 17595 212 175 58
8.548 42 GPS_INT 0 0 0 0 0 0 0 0 0 0 0 0 0 0 0 0 8
8.549 42 SVINFO 0 0 0 0 0 0 0
8.648 42 ROTORCRAFT_FP 0 0 -63 0 0 -13362 -110 221 -460 0 0 102 -460 0 0
8.686 42 DL_VALUE 38 28.
8.691 42 STATE_FILTER_STATUS 3 3 0
8.697 42 INS 0 0 166 0 0 102193 -131 338 -170
8.773 42 ROTORCRAFT_STATUS 0 0 2 0 0 13 0 0 4 5 118 43
8.799 42 GPS_INT 0 0 0 0 0 0 0 0 0 0 0 0 0 0 0 0 8
8.799 42 SVINFO 0 0 0 0 0 0 0
8.903 42 ROTORCRAFT_FP 0 0 -133 0 0 -70425 -103 215 -452 0 0 102 -452 0 0
8.956 42 INS 0 0 73 0 0 16806 -30 41 -152
8.959 42 LINK_REPORT 42 -1 9 0 7958 195 0 937. 23. 1 21.78
9.057 42 GPS_INT 0 0 0 0 0 0 0 0 0 0 0 0 0 0 0 0 8
9.057 42 SVINFO 0 0 0 0 0 0 0
9.171 42 ROTORCRAFT_FP 0 0 -106 0 0 -46798 -104 224 -445 0 0 102 -445 0 0
9.207 42 INS 0 0 107 0 0 47132 117 7 -82
9.299 42 ROTORCRAFT_NAV_STATUS 43 0 0.8 0. 0 2 0
9.306 42 GPS_INT 0 0 0 0 0 0 0 0 0 0 0 0 0 0 0 0 8
9.307 42 SVINFO 0 0 0 0 0 0 0
9.373 42 AIR_DATA 99881. 0. 36.099998 998.935181 1.056928 -1. -1.
9.426 42 ROTORCRAFT_FP 0 0 -26 0 0 26514 -104 218 -448 0 0 102 -448 0 0
9.461 42 INS 0 0 33 0 0 -22341 111 100 -190
9.475 42 WP_MOVED_ENU 3 491 245 256
9.561 42 GPS_INT 0 0 0 0 0 0 0 0 0 0 0 0 0 0 0 0 8
9.561 42 SVINFO 0 0 0 0 0 0 0
9.606 42 ALIVE 245,241,57,166,41,78,173,218,186,16,142,239,108,64,167,55
9.669 42 ROTORCRAFT_FP 0 0 -93 0 0 -27783 -117 232 -443 0 0 102 -443 0 0
9.711 42 INS 0 0 57 0 0 -3992 37 151 -107
9.815 42 DL_VALUE 39 0.0014
9.824 42 GPS_INT 0 0 0 0 0 0 0 0 0 0 0 0 0 0 0 0 8
9.824 42 SVINFO 0 0 0 0 0 0 0
9.925 42 ROTORCRAFT_FP 0 0 -75 0 0 -14611 -116 222 -477 0 0 102 -477 0 0
9.959 42 LINK_REPORT 42 -1 10 0 8796 215 0 838. 20. 1 21.78
9.994 42 INS 0 0 106 0 0 41584 217 131 -63
9.996 42 ROTORCRAFT_STATUS 0 0 2 0 0 13 0 0 4 5 118 44
10.025 42 ENERGY 11.8 0. 0 0.
10.074 42 GPS_INT 0 0 0 0 0 0 0 0 0 0 0 0 0 0 0 0 8
10.075 42 SVINFO 0 0 0 0 0 0 0
10.184 42 ROTORCRAFT_FP 0 0 -109 0 0 -35142 -106 229 -467 0 0 102 -467 0 0
10.233 42 INS 0 0 110 0 0 31983 -74 75 68
10.326 42 GPS_INT 0 0 0 0 0 0 0 0 0 0 0 0 0 0 0 0 8
10.326 42 SVINFO 0 0 0 0 0 0 0
10.428 42 ROTORCRAFT_FP 0 0 -83 0 0 -13422 -121 223 -464 0 0 102 -464 0 0
10.457 42 PONG 
10.478 42 INS 0 0 43 0 0 -21274 126 53 -3
10.580 42 GPS_INT 0 0 0 0 0 0 0 0 0 0 0 0 0 0 0 0 8
10.680 42 ROTORCRAFT_FP 0 0 -38 0 0 29189 -108 230 -467 0 0 102 -467 0 0
10.695 42 AIR_DATA 99882. 0. 36.150002 998.935181 0.972374 -1. -1.
10.731 42 INS 0 0 23 0 0 -42051 37 31 -74
10.811 42 WP_MOVED_ENU 4 197 -440 256
10.834 42 GPS_INT 0 0 0 0 0 0 0 0 0 0 0 0 0 0 0 0 8
10.834 42 SVINFO 0 0 0 0 0 0 0
10.919 42 DL_VALUE 40 0.1219
10.925 42 ROTORCRAFT_NAV_STATUS 44 0 0.8 0. 0 2 0
10.932 42 ROTORCRAFT_FP 0 0 -62 0 0 8346 -119 226 -466 0 0 102 -466 0 0
10.960 42 LINK_REPORT 42 -1 11 0 9692 237 0 896. 22. 2 2.08
10.987 42 INS 0 0 72 0 0 816 142 265 -44
11.084 42 GPS_INT 0 0 0 0 0 0 0 0 0 0 0 0 0 0 0 0 8
11.085 42 SVINFO 0 0 0 0 0 0 0
11.139 42 AUTOPILOT_VERSION 51300 v5.13_devel-166-gae18987-dirty
11.186 42 ROTORCRAFT_FP 0 0 -65 0 0 7037 -125 238 -479 0 0 102 -479 0 0
11.221 42 ROTORCRAFT_STATUS 0 0 2 0 0 13 0 0 4 5 118 46
11.236 42 INS 0 0 65 0 0 -8675 110 247 -17
11.341 42 GPS_INT 0 0 0 0 0 0 0 0 0 0 0 0 0 0 0 0 8
11.341 42 SVINFO 0 0 0 0 0 0 0
11.438 42 ROTORCRAFT_FP 0 0 -109 0 0 -32775 -130 222 -484 0 0 102 -484 0 0
11.491 42 INS 0 0 58 0 0 -10184 155 90 108
11.590 42 GPS_INT 0 0 0 0 0 0 0 0 0 0 0 0 0 0 0 0 8
11.591 42 SVINFO 0 0 0 0 0 0 0
11.593 42 WIND_INFO 42 5 0. 0. 0. 0.
11.692 42 ROTORCRAFT_FP 0 0 -71 0 0 7555 -127 228 -517 0 0 102 -517 0 0
11.738 42 ALIVE 245,241,57,166,41,78,173,218,186,16,142,239,108,64,167,55
11.751 42 INS 0 0 43 0 0 -31046 53 56 25
11.844 42 GPS_INT 0 0 0 0 0 0 0 0 0 0 0 0 0 0 0 0 8
11.844 42 SVINFO 0 0 0 0 0 0 0
11.938 42 STATE_FILTER_STATUS 3 3 0
11.944 42 ROTORCRAFT_FP 0 0 -47 0 0 24177 -132 232 -509 0 0 102 -509 0 0
11.961 42 LINK_REPORT 42 -1 12 0 10561 257 0 869. 20. 3 2.08
11.995 42 INS 0 0 28 0 0 -38049 -122 12 247
12.006 42 AIR_DATA 99883. 0. 36.189999 998.935181 0.887819 -1. -1.
12.041 42 DL_VALUE 41 0.
12.095 42 GPS_INT 0 0 0 0 0 0 0 0 0 0 0 0 0 0 0 0 8
12.097 42 SVINFO 0 0 0 0 0 0 0
12.107 42 WP_MOVED_ENU 5 -71 571 256
12.147 42 I2C_ERRORS 0 0 0 0 0 0 0 0 0 0 0 1
12.147 42 I2C_ERRORS 0 0 0 0 0 0 0 0 0 0 0 2
12.198 42 ROTORCRAFT_FP 0 0 -48 0 0 17617 -127 222 -505 0 0 102 -505 0 0
12.248 42 INS 0 0 47 0 0 -19490 216 26 -46
12.349 42 GPS_INT 0 0 0 0 0 0 0 0 0 0 0 0 0 0 0 0 8
12.349 42 SVINFO 0 0 0 0 0 0 0
12.422 42 ROTORCRAFT_STATUS 0 0 2 0 0 13 0 0 4 5 118 47
12.459 42 ROTORCRAFT_FP 0 0 -2 0 0 54444 -130 213 -491 0 0 102 -491 0 0
12.500 42 INS 0 0 1 0 0 -54319 -90 157 53
12.543 42 ROTORCRAFT_NAV_STATUS 46 0 0.8 0. 0 2 0
12.554 42 ENERGY 11.8 0. 0 0.
12.602 42 GPS_INT 0 0 0 0 0 0 0 0 0 0 0 0 0 0 0 0 8
12.602 42 SVINFO 0 0 0 0 0 0 0
12.709 42 ROTORCRAFT_FP 0 0 0 0 0 56044 -124 221 -481 0 0 102 -481 0 0
12.754 42 INS 0 0 25 0 0 -34805 188 240 121
12.755 42 DATALINK_REPORT 1 3 0 921 0 0
12.854 42 GPS_INT 0 0 0 0 0 0 0 0 0 0 0 0 0 0 0 0 8
12.854 42 SVINFO 0 0 0 0 0 0 0
12.857 42 INS_REF 392433142 30036158 500219736 519906361 43767873 45110 0 99881.
12.957 42 ROTORCRAFT_FP 0 0 -18 0 0 38216 -149 212 -441 0 0 102 -441 0 0
12.961 42 LINK_REPORT 42 -1 13 0 11590 283 0 1029. 26. 3 2.08
13.004 42 INS 0 0 20 0 0 -35416 145 275 -179
13.122 42 GPS_INT 0 0 0 0 0 0 0 0 0 0 0 0 0 0 0 0 8
13.122 42 SVINFO 0 0 0 0 0 0 0
13.141 42 DL_VALUE 42 6.
13.207 42 ROTORCRAFT_FP 0 0 11 0 0 56134 -146 217 -415 0 0 102 -415 0 0
13.258 42 INS 0 0 -13 0 0 -57395 -91 208 -265
13.318 42 AIR_DATA 99883. 0. 36.240002 998.935181 0.887819 -1. -1.
13.369 42 GPS_INT 0 0 0 0 0 0 0 0 0 0 0 0 0 0 0 0 8
13.369 42 SVINFO 0 0 0 0 0 0 0
13.420 42 WP_MOVED_ENU 6 -72 716 256
13.460 42 ROTORCRAFT_FP 0 0 -8 0 0 42592 -148 222 -416 0 0 102 -416 0 0
13.510 42 INS 0 0 7 0 0 -43988 -32 111 -162
13.619 42 GPS_INT 0 0 0 0 0 0 0 0 0 0 0 0 0 0 0 0 8
13.619 42 SVINFO 0 0 0 0 0 0 0
13.636 42 ROTORCRAFT_STATUS 0 0 2 0 0 13 0 0 4 5 118 48
13.711 42 ROTORCRAFT_FP 0 0 -25 0 0 21580 -154 216 -416 0 0 102 -416 0 0
13.762 42 INS 0 0 6 0 0 -37767 153 191 -44
13.866 42 ALIVE 245,241,57,166,41,78,173,218,186,16,142,239,108,64,167,55
13.866 42 GPS_INT 0 0 0 0 0 0 0 0 0 0 0 0 0 0 0 0 8
13.866 42 SVINFO 0 0 0 0 0 0 0
13.961 42 LINK_REPORT 42 -1 14 0 12408 303 0 818. 20. 3 2.08
13.963 42 ROTORCRAFT_FP 0 0 14 0 0 52275 -157 217 -411 0 0 102 -411 0 0
14.026 42 INS 0 0 17 0 0 -23642 18 6 48
14.116 42 GPS_INT 0 0 0 0 0 0 0 0 0 0 0 0 0 0 0 0 8
14.116 42 SVINFO 0 0 0 0 0 0 0
14.158 42 ROTORCRAFT_NAV_STATUS 47 0 0.8 0. 0 2 0
14.220 42 ROTORCRAFT_FP 0 0 -53 0 0 -403 -159 215 -420 0 0 102 -420 0 0
14.254 42 DL_VALUE 43 2.094395
14.277 42 INS 0 0 23 0 0 -23667 -8 326 96
14.370 42 GPS_INT 0 0 0 0 0 0 0 0 0 0 0 0 0 0 0 0 8
14.370 42 SVINFO 0 0 0 0 0 0 0
14.469 42 ROTORCRAFT_FP 0 0 47 0 0 74664 -168 224 -422 0 0 102 -422 0 0
14.528 42 INS 0 0 -49 0 0 -73455 263 100 143
14.621 42 GPS_INT 0 0 0 0 0 0 0 0 0 0 0 0 0 0 0 0 8
14.621 42 SVINFO 0 0 0 0 0 0 0
14.631 42 AIR_DATA 99881. 0. 36.290001 998.935181 1.056928 -1. -1.
14.730 42 ROTORCRAFT_FP 0 0 14 0 0 42333 -171 215 -427 0 0 102 -427 0 0
14.734 42 WP_MOVED_ENU 7 -256 -1500 253
14.776 42 INS 0 0 -8 0 0 -35574 49 399 130
14.857 42 ROTORCRAFT_STATUS 0 0 2 0 0 13 0 0 4 5 118 49
14.879 42 GPS_INT 0 0 0 0 0 0 0 0 0 0 0 0 0 0 0 0 8
14.883 42 SVINFO 0 0 0 0 0 0 0
14.962 42 LINK_REPORT 42 -1 15 0 13290 324 0 882. 21. 3 2.08
14.974 42 ROTORCRAFT_FP 0 0 -21 0 0 8955 -177 216 -421 0 0 102 -421 0 0
15.027 42 INS 0 0 13 0 0 -15941 40 349 -357
15.080 42 ENERGY 11.8 0. 0 0.
15.127 42 GPS_INT 0 0 0 0 0 0 0 0 0 0 0 0 0 0 0 0 8
15.127 42 SVINFO 0 0 0 0 0 0 0
15.180 42 STATE_FILTER_STATUS 3 3 0
15.229 42 ROTORCRAFT_FP 0 0 0 0 0 27142 -181 217 -429 0 0 102 -429 0 0
15.281 42 INS 0 0 27 0 0 -5568 56 262 74
15.365 42 DL_VALUE 44 0.4
15.387 42 GPS_INT 0 0 0 0 0 0 0 0 0 0 0 0 0 0 0 0 8
15.387 42 SVINFO 0 0 0 0 0 0 0
15.467 42 PONG 
15.483 42 ROTORCRAFT_FP 0 0 26 0 0 49147 -188 203 -453 0 0 102 -453 0 0
15.561 42 INS 0 0 -27 0 0 -49125 -81 88 -245
15.635 42 GPS_INT 0 0 0 0 0 0 0 0 0 0 0 0 0 0 0 0 8
15.635 42 SVINFO 0 0 0 0 0 0 0
15.737 42 ROTORCRAFT_FP 0 0 -9 0 0 18360 -190 222 -456 0 0 102 -456 0 0
15.778 42 ROTORCRAFT_NAV_STATUS 49 0 0.8 0. 0 2 0
15.787 42 INS 0 0 -63 0 0 -77358 -155 113 141
15.889 42 GPS_INT 0 0 0 0 0 0 0 0 0 0 0 0 0 0 0 0 8
15.889 42 SVINFO 0 0 0 0 0 0 0
15.947 42 AIR_DATA 99881. 0. 36.330002 998.935181 1.056928 -1. -1.
15.962 42 LINK_REPORT 42 -1 16 0 14168 346 0 878. 22. 4 11.25
15.983 42 ALIVE 245,241,57,166,41,78,173,218,186,16,142,239,108,64,167,55
15.989 42 ROTORCRAFT_FP 0 0 68 0 0 72380 -188 206 -478 0 0 102 -478 0 0
16.041 42 INS 0 0 -32 0 0 -42637 150 134 -209
16.049 42 WP_MOVED_ENU 8 -1292 12 256
16.059 42 ROTORCRAFT_STATUS 0 0 2 0 0 13 0 0 4 5 118 50
16.141 42 GPS_INT 0 0 0 0 0 0 0 0 0 0 0 0 0 0 0 0 8
16.141 42 SVINFO 0 0 0 0 0 0 0
16.244 42 ROTORCRAFT_FP 0 0 67 0 0 67726 -185 206 -480 0 0 102 -480 0 0
16.293 42 I2C_ERRORS 0 0 0 0 0 0 0 0 0 0 0 0
16.293 42 I2C_ERRORS 0 0 0 0 0 0 0 0 0 0 0 1
16.293 42 I2C_ERRORS 0 0 0 0 0 0 0 0 0 0 0 2
16.293 42 INS 0 0 -58 0 0 -60144 -93 223 -90
16.396 42 GPS_INT 0 0 0 0 0 0 0 0 0 0 0 0 0 0 0 0 8
16.396 42 SVINFO 0 0 0 0 0 0 0
16.478 42 DL_VALUE 45 -484.
16.495 42 ROTORCRAFT_FP 0 0 98 0 0 90863 -179 206 -482 0 0 102 -482 0 0
16.547 42 INS 0 0 -100 0 0 -90681 152 105 93
16.647 42 GPS_INT 0 0 0 0 0 0 0 0 0 0 0 0 0 0 0 0 8
16.647 42 SVINFO 0 0 0 0 0 0 0
16.763 42 ROTORCRAFT_FP 0 0 50 0 0 46544 -179 208 -483 0 0 102 -483 0 0
16.799 42 INS 0 0 -51 0 0 -44636 -9 -131 105
16.899 42 GPS_INT 0 0 0 0 0 0 0 0 0 0 0 0 0 0 0 0 8
16.899 42 SVINFO 0 0 0 0 0 0 0
16.963 42 LINK_REPORT 42 -1 17 0 15115 369 0 947. 23. 4 11.25
17.011 42 ROTORCRAFT_FP 0 0 14 0 0 11709 -177 200 -485 0 0 102 -485 0 0
17.052 42 INS 0 0 -43 0 0 -37237 -207 52 -6
17.309 42 ROTORCRAFT_FP 0 0 12 0 0 13411 -192 203 -493 0 0 102 -493 0 0
17.310 42 AIR_DATA 99884. 0. 36.369999 998.935181 0.803265 -1. -1.
17.310 42 ROTORCRAFT_STATUS 0 0 2 0 0 13 0 0 4 5 118 52
17.311 42 INS 0 0 1 0 0 -1234 -77 200 58
17.363 42 WP_MOVED_ENU 9 312 1249 256
17.398 42 ROTORCRAFT_NAV_STATUS 51 0 0.8 0. 0 2 0
17.407 42 GPS_INT 0 0 0 0 0 0 0 0 0 0 0 0 0 0 0 0 8
17.409 42 SVINFO 0 0 0 0 0 0 0
17.509 42 ROTORCRAFT_FP 0 0 10 0 0 7869 -188 201 -494 0 0 102 -494 0 0
17.561 42 INS 0 0 -10 0 0 -9743 -77 211 -319
17.594 42 DL_VALUE 46 5.
17.613 42 ENERGY 11.8 0. 0 0.
17.678 42 GPS_INT 0 0 0 0 0 0 0 0 0 0 0 0 0 0 0 0 8
17.678 42 SVINFO 0 0 0 0 0 0 0
17.766 42 ROTORCRAFT_FP 0 0 36 0 0 27830 -191 199 -503 0 0 102 -503 0 0
17.813 42 INS 0 0 -36 0 0 -28136 14 170 -8
17.926 42 GPS_INT 0 0 0 0 0 0 0 0 0 0 0 0 0 0 0 0 8
17.926 42 SVINFO 0 0 0 0 0 0 0
17.927 42 DATALINK_REPORT 2 4 0 897 0 0
17.964 42 LINK_REPORT 42 -1 18 0 15957 390 0 842. 21. 4 11.25
18.020 42 ROTORCRAFT_FP 0 0 86 0 0 65608 -182 194 -502 0 0 102 -502 0 0
18.022 42 INS_REF 392433142 30036158 500219736 519906361 43767873 45110 0 99881.
18.074 42 INS 0 0 -86 0 0 -66026 52 292 -260
18.116 42 ALIVE 245,241,57,166,41,78,173,218,186,16,142,239,108,64,167,55
18.184 42 GPS_INT 0 0 0 0 0 0 0 0 0 0 0 0 0 0 0 0 8
18.185 42 SVINFO 0 0 0 0 0 0 0
18.274 42 ROTORCRAFT_FP 0 0 94 0 0 67505 -186 198 -515 0 0 102 -515 0 0
18.324 42 INS 0 0 -127 0 0 -91797 57 234 -87
18.434 42 STATE_FILTER_STATUS 3 3 0
18.435 42 GPS_INT 0 0 0 0 0 0 0 0 0 0 0 0 0 0 0 0 8
18.435 42 SVINFO 0 0 0 0 0 0 0
18.494 42 ROTORCRAFT_STATUS 0 0 2 0 0 13 0 0 4 5 118 53
18.526 42 ROTORCRAFT_FP 0 0 43 0 0 20771 -182 195 -520 0 0 102 -520 0 0
18.577 42 INS 0 0 -44 0 0 -21626 -121 237 -133
18.598 42 AIR_DATA 99881. 0. 36.41 998.935181 1.056928 -1. -1.
18.681 42 GPS_INT 0 0 0 0 0 0 0 0 0 0 0 0 0 0 0 0 8
18.689 42 SVINFO 0 0 0 0 0 0 0
18.689 42 WP_MOVED_ENU 10 1448 -386 253
18.713 42 DL_VALUE 47 1.
18.789 42 ROTORCRAFT_FP 0 0 3 0 0 -13000 -179 196 -520 0 0 102 -520 0 0
18.845 42 INS 0 0 -3 0 0 13234 168 254 -181
18.932 42 GPS_INT 0 0 0 0 0 0 0 0 0 0 0 0 0 0 0 0 8
18.932 42 SVINFO 0 0 0 0 0 0 0
18.965 42 LINK_REPORT 42 -1 19 0 16893 413 0 936. 23. 4 11.25
19.023 42 ROTORCRAFT_NAV_STATUS 52 0 0.8 0. 0 2 0
19.033 42 ROTORCRAFT_FP 0 0 42 0 0 17660 -181 199 -515 0 0 102 -515 0 0
19.095 42 INS 0 0 -51 0 0 -26053 -89 174 6
19.227 42 GPS_INT 0 0 0 0 0 0 0 0 0 0 0 0 0 0 0 0 8
19.227 42 SVINFO 0 0 0 0 0 0 0
19.288 42 ROTORCRAFT_FP 0 0 10 0 0 -7114 -187 202 -515 0 0 102 -515 0 0
19.338 42 INS 0 0 21 0 0 30616 129 88 143
19.436 42 GPS_INT 0 0 0 0 0 0 0 0 0 0 0 0 0 0 0 0 8
19.436 42 SVINFO 0 0 0 0 0 0 0
19.538 42 ROTORCRAFT_FP 0 0 70 0 0 39368 -186 197 -530 0 0 102 -530 0 0
19.588 42 INS 0 0 -71 0 0 -40264 -16 166 28
19.690 42 GPS_INT 0 0 0 0 0 0 0 0 0 0 0 0 0 0 0 0 8
19.690 42 SVINFO 0 0 0 0 0 0 0
19.709 42 ROTORCRAFT_STATUS 0 0 2 0 0 13 0 0 4 5 118 54
19.789 42 ROTORCRAFT_FP 0 0 47 0 0 23181 -188 198 -534 0 0 102 -534 0 0
19.836 42 DL_VALUE 48 -0.75
19.840 42 INS 0 0 -47 0 0 -21413 146 117 106
19.894 42 AIR_DATA 99881. 0. 36.459999 998.935181 1.056928 -1. -1.
19.942 42 GPS_INT 0 0 0 0 0 0 0 0 0 0 0 0 0 0 0 0 8
19.942 42 SVINFO 0 0 0 0 0 0 0
19.965 42 LINK_REPORT 42 -1 20 0 17754 433 0 861. 20. 4 11.25
20.004 42 WP_MOVED_ENU 11 -199 -1203 256
20.041 42 ROTORCRAFT_FP 0 0 -6 0 0 -23289 -190 191 -547 0 0 102 -547 0 0
20.094 42 INS 0 0 -13 0 0 7759 76 266 62
20.146 42 ENERGY 11.8 0. 0 0.
20.194 42 GPS_INT 0 0 0 0 0 0 0 0 0 0 0 0 0 0 0 0 8
20.196 42 SVINFO 0 0 0 0 0 0 0
20.251 42 ALIVE 245,241,57,166,41,78,173,218,186,16,142,239,108,64,167,55
20.295 42 ROTORCRAFT_FP 0 0 5 0 0 -12422 -179 199 -546 0 0 102 -546 0 0
20.530 42 I2C_ERRORS 0 0 0 0 0 0 0 0 0 0 0 0
20.530 42 I2C_ERRORS 0 0 0 0 0 0 0 0 0 0 0 1
20.531 42 GPS_INT 0 0 0 0 0 0 0 0 0 0 0 0 0 0 0 0 8
20.531 42 SVINFO 0 0 0 0 0 0 0
20.550 42 PONG 
20.551 42 ROTORCRAFT_FP 0 0 39 0 0 13234 -175 199 -520 0 0 102 -520 0 0
20.598 42 INS 0 0 -58 0 0 -26475 213 127 101
20.669 42 ROTORCRAFT_NAV_STATUS 54 0 0.8 0. 0 2 0
20.698 42 GPS_INT 0 0 0 0 0 0 0 0 0 0 0 0 0 0 0 0 8
20.698 42 SVINFO 0 0 0 0 0 0 0
20.930 42 ROTORCRAFT_FP 0 0 -12 0 0 -25973 -175 196 -511 0 0 102 -511 0 0
20.955 42 INS 0 0 13 0 0 25629 -34 42 27
20.966 42 LINK_REPORT 42 -1 21 0 18558 453 0 804. 20. 5 94.06
20.978 42 ROTORCRAFT_STATUS 0 0 2 0 0 13 0 0 4 5 118 55
20.978 42 DL_VALUE 49 283.
20.979 42 GPS_INT 0 0 0 0 0 0 0 0 0 0 0 0 0 0 0 0 8
20.979 42 SVINFO 0 0 0 0 0 0 0
21.082 42 ROTORCRAFT_FP 0 0 34 0 0 11307 -184 184 -498 0 0 102 -498 0 0
21.103 42 INS 0 0 -29 0 0 -8173 125 199 -69
21.206 42 GPS_INT 0 0 0 0 0 0 0 0 0 0 0 0 0 0 0 0 8
21.207 42 SVINFO 0 0 0 0 0 0 0
21.207 42 AIR_DATA 99886. 0. 36.509998 998.935181 0.634157 -1. -1.
21.303 42 ROTORCRAFT_FP 0 0 -7 0 0 -22148 -188 182 -487 0 0 102 -487 0 0
21.307 42 WP_MOVED_ENU 12 -954 -2 253
21.356 42 INS 0 0 -12 0 0 4454 98 41 -219
21.455 42 GPS_INT 0 0 0 0 0 0 0 0 0 0 0 0 0 0 0 0 8
21.455 42 SVINFO 0 0 0 0 0 0 0
21.555 42 ROTORCRAFT_FP 0 0 43 0 0 20943 -194 183 -482 0 0 102 -482 0 0
21.594 42 WIND_INFO 42 5 0. 0. 0. 0.
21.606 42 INS 0 0 -43 0 0 -21309 -24 189 107
21.661 42 STATE_FILTER_STATUS 3 3 0
21.708 42 GPS_INT 0 0 0 0 0 0 0 0 0 0 0 0 0 0 0 0 8
21.708 42 SVINFO 0 0 0 0 0 0 0
21.809 42 ROTORCRAFT_FP 0 0 28 0 0 6978 -201 179 -487 0 0 102 -487 0 0
21.859 42 INS 0 0 -28 0 0 -6972 -154 223 -194
21.961 42 GPS_INT 0 0 0 0 0 0 0 0 0 0 0 0 0 0 0 0 8
21.961 42 SVINFO 0 0 0 0 0 0 0
21.966 42 LINK_REPORT 42 -1 22 0 19510 476 0 952. 23. 6 94.06
22.043 42 DL_VALUE 50 82.
22.088 42 ROTORCRAFT_FP 0 0 69 0 0 42936 -197 178 -493 0 0 102 -493 0 0
22.113 42 INS 0 0 -58 0 0 -32571 -100 39 146
22.132 42 ROTORCRAFT_STATUS 0 0 2 0 0 13 0 0 4 5 118 57
22.213 42 GPS_INT 0 0 0 0 0 0 0 0 0 0 0 0 0 0 0 0 8
22.213 42 SVINFO 0 0 0 0 0 0 0
22.252 42 ROTORCRAFT_NAV_STATUS 55 0 0.8 0. 0 2 0
22.325 42 ROTORCRAFT_FP 0 0 74 0 0 43970 -195 178 -499 0 0 102 -499 0 0
22.360 42 ALIVE 245,241,57,166,41,78,173,218,186,16,142,239,108,64,167,55
22.365 42 INS 0 0 -70 0 0 -40435 -166 166 -122
22.369 42 AUTOPILOT_VERSION 51300 v5.13_devel-166-gae18987-dirty
22.467 42 GPS_INT 0 0 0 0 0 0 0 0 0 0 0 0 0 0 0 0 8
22.467 42 SVINFO 0 0 0 0 0 0 0
22.518 42 AIR_DATA 99879. 0. 36.549999 998.935181 1.226036 -1. -1.
22.579 42 ROTORCRAFT_FP 0 0 60 0 0 29284 -197 174 -484 0 0 102 -484 0 0
22.620 42 INS 0 0 -44 0 0 -16967 33 129 77
22.620 42 WP_MOVED_ENU 13 327 993 253
22.671 42 ENERGY 11.8 0. 0 0.
22.717 42 GPS_INT 0 0 0 0 0 0 0 0 0 0 0 0 0 0 0 0 8
22.718 42 SVINFO 0 0 0 0 0 0 0
22.821 42 ROTORCRAFT_FP 0 0 20 0 0 2492 -198 175 -494 0 0 102 -494 0 0
22.869 42 INS 0 0 -20 0 0 -1584 -25 21 58
22.967 42 LINK_REPORT 42 -1 23 0 20401 498 0 891. 22. 6 94.06
22.987 42 GPS_INT 0 0 0 0 0 0 0 0 0 0 0 0 0 0 0 0 8
22.987 42 SVINFO 0 0 0 0 0 0 0
23.073 42 ROTORCRAFT_FP 0 0 28 0 0 5928 -206 182 -486 0 0 102 -486 0 0
23.074 42 DATALINK_REPORT 1 6 0 903 0 0
23.123 42 INS 0 0 -28 0 0 -6829 -18 387 -271
23.154 42 DL_VALUE 51 20.
23.174 42 INS_REF 392433142 30036158 500219736 519906361 43767873 45110 0 99881.
23.255 42 GPS_INT 0 0 0 0 0 0 0 0 0 0 0 0 0 0 0 0 8
23.258 42 SVINFO 0 0 0 0 0 0 0
23.334 42 ROTORCRAFT_FP 0 0 -7 0 0 -16850 -207 175 -496 0 0 102 -496 0 0
23.339 42 ROTORCRAFT_STATUS 0 0 2 0 0 13 0 0 4 5 118 58
23.376 42 INS 0 0 22 0 0 28975 1 36 27
23.487 42 GPS_INT 0 0 0 0 0 0 0 0 0 0 0 0 0 0 0 0 8
23.487 42 SVINFO 0 0 0 0 0 0 0
23.577 42 ROTORCRAFT_FP 0 0 -27 0 0 -33944 -205 168 -511 0 0 102 -511 0 0
23.628 42 INS 0 0 -37 0 0 -19736 43 -31 -27
23.738 42 GPS_INT 0 0 0 0 0 0 0 0 0 0 0 0 0 0 0 0 8
23.738 42 SVINFO 0 0 0 0 0 0 0
23.828 42 ROTORCRAFT_FP 0 0 -7 0 0 -10620 -205 172 -515 0 0 102 -515 0 0
23.830 42 AIR_DATA 99884. 0. 36.599998 998.935181 0.803265 -1. -1.
23.867 42 ROTORCRAFT_NAV_STATUS 57 0 0.8 0. 0 2 0
23.879 42 INS 0 0 -22 0 0 -11406 255 -87 68
23.932 42 WP_MOVED_ENU 14 1134 -345 253
23.968 42 LINK_REPORT 42 -1 24 0 21342 521 0 941. 23. 6 94.06
23.983 42 GPS_INT 0 0 0 0 0 0 0 0 0 0 0 0 0 0 0 0 8
23.983 42 SVINFO 0 0 0 0 0 0 0
24.083 42 ROTORCRAFT_FP 0 0 -23 0 0 -27874 -212 172 -518 0 0 102 -518 0 0
24.146 42 INS 0 0 23 0 0 27810 -27 319 64
24.233 42 GPS_INT 0 0 0 0 0 0 0 0 0 0 0 0 0 0 0 0 8
24.233 42 SVINFO 0 0 0 0 0 0 0
24.266 42 DL_VALUE 52 0.68
24.334 42 ROTORCRAFT_FP 0 0 -71 0 0 -58787 -212 171 -537 0 0 102 -537 0 0
24.396 42 INS 0 0 24 0 0 23319 -31 123 100
24.479 42 ALIVE 245,241,57,166,41,78,173,218,186,16,142,239,108,64,167,55
24.487 42 GPS_INT 0 0 0 0 0 0 0 0 0 0 0 0 0 0 0 0 8
24.487 42 SVINFO 0 0 0 0 0 0 0
24.561 42 ROTORCRAFT_STATUS 0 0 2 0 0 13 0 0 4 5 118 59
24.588 42 I2C_ERRORS 0 0 0 0 0 0 0 0 0 0 0 2
24.588 42 I2C_ERRORS 0 0 0 0 0 0 0 0 0 0 0 0
24.589 42 ROTORCRAFT_FP 0 0 -30 0 0 -29694 -205 167 -533 0 0 102 -533 0 0
24.643 42 INS 0 0 27 0 0 28672 167 135 140
24.741 42 GPS_INT 0 0 0 0 0 0 0 0 0 0 0 0 0 0 0 0 8
24.741 42 SVINFO 0 0 0 0 0 0 0
24.842 42 ROTORCRAFT_FP 0 0 -45 0 0 -33129 -196 167 -533 0 0 102 -533 0 0
24.892 42 STATE_FILTER_STATUS 3 3 0
24.894 42 INS 0 0 54 0 0 41392 -70 156 -137
24.969 42 LINK_REPORT 42 -1 25 0 22247 543 0 905. 22. 6 94.06
25.004 42 GPS_INT 0 0 0 0 0 0 0 0 0 0 0 0 0 0 0 0 8
25.004 42 SVINFO 0 0 0 0 0 0 0
25.095 42 ROTORCRAFT_FP 0 0 -51 0 0 -36758 -199 169 -525 0 0 102 -525 0 0
25.147 42 AIR_DATA 99886. 0. 36.639999 998.935181 0.634157 -1. -1.
25.147 42 INS 0 0 51 0 0 36457 -65 86 27
25.199 42 ENERGY 11.8 0. 0 0.
25.246 42 WP_MOVED_ENU 0 0 0 256
25.247 42 GPS_INT 0 0 0 0 0 0 0 0 0 0 0 0 0 0 0 0 8
25.247 42 SVINFO 0 0 0 0 0 0 0
25.346 42 ROTORCRAFT_FP 0 0 0 0 0 10899 -200 170 -499 0 0 102 -499 0 0
25.387 42 DL_VALUE 53 1.
25.397 42 INS 0 0 -17 0 0 -26339 30 241 -74
25.472 42 PONG 
25.487 42 ROTORCRAFT_NAV_STATUS 59 0 0.8 0. 0 2 0
25.499 42 GPS_INT 0 0 0 0 0 0 0 0 0 0 0 0 0 0 0 0 8
25.499 42 SVINFO 0 0 0 0 0 0 0
25.602 42 ROTORCRAFT_FP 0 0 59 0 0 52703 -216 159 -466 0 0 102 -466 0 0
25.651 42 INS 0 0 -25 0 0 -27588 12 -61 -208
25.751 42 GPS_INT 0 0 0 0 0 0 0 0 0 0 0 0 0 0 0 0 8
25.751 42 SVINFO 0 0 0 0 0 0 0
25.765 42 ROTORCRAFT_STATUS 0 0 2 0 0 13 0 0 4 5 118 60
25.851 42 ROTORCRAFT_FP 0 0 -16 0 0 -3961 -234 162 -448 0 0 102 -448 0 0
25.903 42 INS 0 0 37 0 0 20594 63 266 64
25.969 42 LINK_REPORT 42 -1 26 0 23159 566 0 912. 23. 7 14.68
26.003 42 GPS_INT 0 0 0 0 0 0 0 0 0 0 0 0 0 0 0 0 8
26.003 42 SVINFO 0 0 0 0 0 0 0
26.106 42 ROTORCRAFT_FP 0 0 11 0 0 17124 -253 144 -424 0 0 102 -424 0 0
26.155 42 INS 0 0 -11 0 0 -16600 139 138 -44
26.257 42 GPS_INT 0 0 0 0 0 0 0 0 0 0 0 0 0 0 0 0 8
26.257 42 SVINFO 0 0 0 0 0 0 0
26.356 42 ROTORCRAFT_FP 0 0 -8 0 0 -1632 -276 141 -407 0 0 102 -407 0 0
26.408 42 INS 0 0 8 0 0 2038 161 82 -27
26.462 42 AIR_DATA 99882. 0. 36.68 998.935181 0.972374 -1. -1.
26.490 42 DL_VALUE 54 -102.
26.511 42 GPS_INT 0 0 0 0 0 0 0 0 0 0 0 0 0 0 0 0 8
26.511 42 SVINFO 0 0 0 0 0 0 0
26.557 42 WP_MOVED_ENU 1 151 -148 253
26.600 42 ALIVE 245,241,57,166,41,78,173,218,186,16,142,239,108,64,167,55
26.608 42 ROTORCRAFT_FP 0 0 13 0 0 15287 -293 142 -400 0 0 102 -400 0 0
26.661 42 INS 0 0 -35 0 0 -29565 14 153 170
26.760 42 GPS_INT 0 0 0 0 0 0 0 0 0 0 0 0 0 0 0 0 8
26.761 42 SVINFO 0 0 0 0 0 0 0
26.862 42 ROTORCRAFT_FP 0 0 4 0 0 6108 -306 135 -395 0 0 102 -395 0 0
26.916 42 INS 0 0 -29 0 0 -24018 -129 86 -154
26.970 42 LINK_REPORT 42 -1 27 0 24018 586 0 859. 20. 7 14.68
26.975 42 ROTORCRAFT_STATUS 0 0 2 0 0 13 0 0 4 5 118 61
27.012 42 GPS_INT 0 0 0 0 0 0 0 0 0 0 0 0 0 0 0 0 8
27.012 42 SVINFO 0 0 0 0 0 0 0
27.100 42 ROTORCRAFT_NAV_STATUS 60 0 0.8 0. 0 2 0
27.129 42 ROTORCRAFT_FP 0 0 17 0 0 12914 -311 132 -400 0 0 102 -400 0 0
27.165 42 INS 0 0 -46 0 0 -34751 83 31 187
27.270 42 GPS_INT 0 0 0 0 0 0 0 0 0 0 0 0 0 0 0 0 8
27.270 42 SVINFO 0 0 0 0 0 0 0
27.380 42 ROTORCRAFT_FP 0 0 -43 0 0 -33987 -320 137 -400 0 0 102 -400 0 0
27.419 42 INS 0 0 44 0 0 34177 197 -29 89
27.536 42 GPS_INT 0 0 0 0 0 0 0 0 0 0 0 0 0 0 0 0 8
27.536 42 SVINFO 0 0 0 0 0 0 0
27.617 42 DL_VALUE 55 1.
27.623 42 ROTORCRAFT_FP 0 0 27 0 0 20856 -330 145 -410 0 0 102 -410 0 0
27.674 42 INS 0 0 -61 0 0 -45868 -78 159 196
27.727 42 ENERGY 11.8 0. 0 0.
27.790 42 AIR_DATA 99878. 0. 36.720001 998.935181 1.310591 -1. -1.
27.791 42 GPS_INT 0 0 0 0 0 0 0 0 0 0 0 0 0 0 0 0 8
27.791 42 SVINFO 0 0 0 0 0 0 0
27.873 42 WP_MOVED_ENU 2 491 245 256
27.874 42 ROTORCRAFT_FP 0 0 29 0 0 15602 -324 138 -406 0 0 102 -406 0 0
27.926 42 INS 0 0 -44 0 0 -28021 153 185 -25
27.971 42 LINK_REPORT 42 -1 28 0 24922 608 0 904. 22. 7 14.68
28.040 42 GPS_INT 0 0 0 0 0 0 0 0 0 0 0 0 0 0 0 0 8
28.041 42 SVINFO 0 0 0 0 0 0 0
28.117 42 STATE_FILTER_STATUS 3 3 0
28.131 42 ROTORCRAFT_FP 0 0 31 0 0 17491 -328 129 -415 0 0 102 -415 0 0
28.180 42 INS 0 0 -18 0 0 -5993 63 1 71
28.200 42 ROTORCRAFT_STATUS 0 0 2 0 0 13 0 0 4 5 118 63
28.229 42 DATALINK_REPORT 2 7 0 892 0 0
28.281 42 GPS_INT 0 0 0 0 0 0 0 0 0 0 0 0 0 0 0 0 8
28.281 42 SVINFO 0 0 0 0 0 0 0
28.330 42 INS_REF 392433142 30036158 500219736 519906361 43767873 45110 0 99881.
28.380 42 ROTORCRAFT_FP 0 0 7 0 0 -5340 -330 125 -419 0 0 102 -419 0 0
28.462 42 INS 0 0 -7 0 0 4271 42 193 -171
28.548 42 GPS_INT 0 0 0 0 0 0 0 0 0 0 0 0 0 0 0 0 8
28.548 42 SVINFO 0 0 0 0 0 0 0
28.633 42 ROTORCRAFT_FP 0 0 47 0 0 31804 -333 121 -425 0 0 102 -425 0 0
28.694 42 INS 0 0 -18 0 0 -6013 232 197 28
28.725 42 DL_VALUE 56 20.
28.735 42 ALIVE 245,241,57,166,41,78,173,218,186,16,142,239,108,64,167,55
28.752 42 I2C_ERRORS 0 0 0 0 0 0 0 0 0 0 0 1
28.753 42 I2C_ERRORS 0 0 0 0 0 0 0 0 0 0 0 2
28.805 42 GPS_INT 0 0 0 0 0 0 0 0 0 0 0 0 0 0 0 0 8
28.805 42 SVINFO 0 0 0 0 0 0 0
28.895 42 ROTORCRAFT_FP 0 0 26 0 0 10224 -326 113 -408 0 0 102 -408 0 0
28.954 42 INS 0 0 13 0 0 16064 32 322 -47
28.971 42 LINK_REPORT 42 -1 29 0 25886 632 0 964. 24. 7 14.68
29.045 42 GPS_INT 0 0 0 0 0 0 0 0 0 0 0 0 0 0 0 0 8
29.045 42 SVINFO 0 0 0 0 0 0 0
29.102 42 AIR_DATA 99884. 0. 36.77 998.935181 0.803265 -1. -1.
29.145 42 ROTORCRAFT_FP 0 0 22 0 0 10147 -328 120 -425 0 0 102 -425 0 0
29.192 42 WP_MOVED_ENU 3 491 245 256
29.196 42 INS 0 0 -22 0 0 -9703 -205 77 156
29.306 42 GPS_INT 0 0 0 0 0 0 0 0 0 0 0 0 0 0 0 0 8
29.306 42 SVINFO 0 0 0 0 0 0 0
29.397 42 ROTORCRAFT_FP 0 0 51 0 0 30960 -331 114 -441 0 0 102 -441 0 0
29.410 42 ROTORCRAFT_STATUS 0 0 2 0 0 13 0 0 4 5 118 64
29.449 42 INS 0 0 -52 0 0 -30703 109 -38 130
29.550 42 GPS_INT 0 0 0 0 0 0 0 0 0 0 0 0 0 0 0 0 8
29.550 42 SVINFO 0 0 0 0 0 0 0
29.651 42 ROTORCRAFT_FP 0 0 35 0 0 14869 -344 109 -440 0 0 102 -440 0 0
29.703 42 INS 0 0 -56 0 0 -30561 20 86 56
29.804 42 GPS_INT 0 0 0 0 0 0 0 0 0 0 0 0 0 0 0 0 8
29.804 42 SVINFO 0 0 0 0 0 0 0
29.847 42 DL_VALUE 57 0.
29.905 42 ROTORCRAFT_FP 0 0 42 0 0 18769 -350 119 -431 0 0 102 -431 0 0
29.956 42 INS 0 0 -5 0 0 9522 -51 85 65
29.972 42 LINK_REPORT 42 -1 30 0 26745 652 0 859. 20. 7 14.68
30.155 42 ROTORCRAFT_FP 0 0 17 0 0 -3997 -348 114 -447 0 0 102 -447 0 0
30.208 42 INS 0 0 -65 0 0 -30860 -159 89 -136
30.260 42 ENERGY 11.8 0. 0 0.
30.307 42 GPS_INT 0 0 0 0 0 0 0 0 0 0 0 0 0 0 0 0 8
30.307 42 SVINFO 0 0 0 0 0 0 0
30.348 42 ROTORCRAFT_NAV_STATUS 64 0 0.8 0. 0 2 0
30.405 42 AIR_DATA 99880. 0. 36.810001 998.935181 1.141482 -1. -1.
30.423 42 ROTORCRAFT_FP 0 0 58 0 0 26241 -347 119 -439 0 0 102 -439 0 0
30.469 42 INS 0 0 -59 0 0 -26816 169 215 -14
30.476 42 PONG 
30.509 42 WP_MOVED_ENU 4 197 -440 256
30.559 42 GPS_INT 0 0 0 0 0 0 0 0 0 0 0 0 0 0 0 0 8
30.561 42 SVINFO 0 0 0 0 0 0 0
30.622 42 ROTORCRAFT_STATUS 0 0 2 0 0 13 0 0 4 5 118 65
30.674 42 ROTORCRAFT_FP 0 0 72 0 0 37528 -346 121 -434 0 0 102 -434 0 0
30.712 42 INS 0 0 22 0 0 36473 110 175 30
30.814 42 GPS_INT 0 0 0 0 0 0 0 0 0 0 0 0 0 0 0 0 8
30.814 42 SVINFO 0 0 0 0 0 0 0
30.858 42 ALIVE 245,241,57,166,41,78,173,218,186,16,142,239,108,64,167,55
30.923 42 ROTORCRAFT_FP 0 0 -13 0 0 -23732 -349 121 -442 0 0 102 -442 0 0
30.942 42 DL_VALUE 58 0.5
30.963 42 INS 0 0 -38 0 0 -10851 135 44 184
30.973 42 LINK_REPORT 42 -1 31 0 27601 674 0 856. 22. 8 18.43
31.090 42 GPS_INT 0 0 0 0 0 0 0 0 0 0 0 0 0 0 0 0 8
31.091 42 SVINFO 0 0 0 0 0 0 0
31.172 42 ROTORCRAFT_FP 0 0 56 0 0 21535 -340 119 -447 0 0 102 -447 0 0
31.221 42 INS 0 0 -31 0 0 -6229 199 129 -161
31.336 42 GPS_INT 0 0 0 0 0 0 0 0 0 0 0 0 0 0 0 0 8
31.336 42 SVINFO 0 0 0 0 0 0 0
31.359 42 STATE_FILTER_STATUS 3 3 0
31.420 42 ROTORCRAFT_FP 0 0 26 0 0 -1760 -345 115 -445 0 0 102 -445 0 0
31.471 42 INS 0 0 -26 0 0 717 -135 121 -224
31.581 42 GPS_INT 0 0 0 0 0 0 0 0 0 0 0 0 0 0 0 0 8
31.582 42 SVINFO 0 0 0 0 0 0 0
31.595 42 WIND_INFO 42 5 0. 0. 0. 0.
31.673 42 ROTORCRAFT_FP 0 0 11 0 0 -14492 -333 115 -447 0 0 102 -447 0 0
31.717 42 AIR_DATA 99881. 0. 36.849998 998.935181 1.056928 -1. -1.
31.724 42 INS 0 0 -24 0 0 -1558 57 244 -181
31.829 42 WP_MOVED_ENU 5 -63 572 256
31.829 42 GPS_INT 0 0 0 0 0 0 0 0 0 0 0 0 0 0 0 0 8
31.829 42 SVINFO 0 0 0 0 0 0 0
31.834 42 ROTORCRAFT_STATUS 0 0 2 0 0 13 0 0 4 5 118 66
31.926 42 ROTORCRAFT_FP 0 0 27 0 0 503 -345 119 -445 0 0 102 -445 0 0
31.963 42 ROTORCRAFT_NAV_STATUS 65 0 0.8 0. 0 2 0
31.973 42 LINK_REPORT 42 -1 32 0 28438 694 0 837. 20. 9 18.43
31.979 42 INS 0 0 -52 0 0 -18580 -86 16 77
32.057 42 DL_VALUE 59 1.169371
32.079 42 GPS_INT 0 0 0 0 0 0 0 0 0 0 0 0 0 0 0 0 8
32.079 42 SVINFO 0 0 0 0 0 0 0
32.185 42 ROTORCRAFT_FP 0 0 62 0 0 20681 -326 108 -434 0 0 102 -434 0 0
32.241 42 INS 0 0 -44 0 0 -8194 -223 -57 -148
32.330 42 GPS_INT 0 0 0 0 0 0 0 0 0 0 0 0 0 0 0 0 8
32.331 42 SVINFO 0 0 0 0 0 0 0
32.434 42 ROTORCRAFT_FP 0 0 39 0 0 10474 -323 112 -439 0 0 102 -439 0 0
32.491 42 INS 0 0 -40 0 0 -9978 33 -44 -102
32.585 42 GPS_INT 0 0 0 0 0 0 0 0 0 0 0 0 0 0 0 0 8
32.586 42 SVINFO 0 0 0 0 0 0 0
32.684 42 ROTORCRAFT_FP 0 0 7 0 0 -17028 -318 120 -421 0 0 102 -421 0 0
32.737 42 INS 0 0 -6 0 0 16212 32 250 -124
32.789 42 ENERGY 11.8 0. 0 0.
32.836 42 GPS_INT 0 0 0 0 0 0 0 0 0 0 0 0 0 0 0 0 8
32.837 42 SVINFO 0 0 0 0 0 0 0
32.898 42 I2C_ERRORS 0 0 0 0 0 0 0 0 0 0 0 0
32.899 42 I2C_ERRORS 0 0 0 0 0 0 0 0 0 0 0 1
32.899 42 I2C_ERRORS 0 0 0 0 0 0 0 0 0 0 0 2
32.946 42 ROTORCRAFT_FP 0 0 36 0 0 8264 -322 111 -431 0 0 102 -431 0 0
32.974 42 LINK_REPORT 42 -1 33 0 29336 715 0 898. 21. 9 18.43
32.991 42 ALIVE 245,241,57,166,41,78,173,218,186,16,142,239,108,64,167,55
32.992 42 INS 0 0 -11 0 0 11182 120 72 59
33.039 42 AIR_DATA 99884. 0. 36.900002 998.935181 0.803265 -1. -1.
33.065 42 ROTORCRAFT_STATUS 0 0 2 0 0 13 0 0 4 5 118 67
33.092 42 GPS_INT 0 0 0 0 0 0 0 0 0 0 0 0 0 0 0 0 8
33.092 42 SVINFO 0 0 0 0 0 0 0
33.159 42 WP_MOVED_ENU 6 -75 716 256
33.172 42 DL_VALUE 60 0.85
33.194 42 ROTORCRAFT_FP 0 0 52 0 0 11549 -328 108 -424 0 0 102 -424 0 0
33.246 42 INS 0 0 -38 0 0 -3198 86 158 -339
33.342 42 GPS_INT 0 0 0 0 0 0 0 0 0 0 0 0 0 0 0 0 8
33.342 42 SVINFO 0 0 0 0 0 0 0
33.400 42 DATALINK_REPORT 2 9 0 914 0 0
33.446 42 ROTORCRAFT_FP 0 0 7 0 0 -13919 -322 103 -437 0 0 102 -437 0 0
33.495 42 INS_REF 392433142 30036158 500219736 519906361 43767873 45110 0 99881.
33.496 42 INS 0 0 -7 0 0 13289 35 262 -209
33.604 42 ROTORCRAFT_NAV_STATUS 67 0 0.8 0. 0 2 0
33.615 42 GPS_INT 0 0 0 0 0 0 0 0 0 0 0 0 0 0 0 0 8
33.615 42 SVINFO 0 0 0 0 0 0 0
33.617 42 AUTOPILOT_VERSION 51300 v5.13_devel-166-gae18987-dirty
33.703 42 ROTORCRAFT_FP 0 0 8 0 0 -13232 -325 106 -438 0 0 102 -438 0 0
33.749 42 INS 0 0 -7 0 0 13867 -58 5 121
33.852 42 GPS_INT 0 0 0 0 0 0 0 0 0 0 0 0 0 0 0 0 8
33.852 42 SVINFO 0 0 0 0 0 0 0
33.965 42 ROTORCRAFT_FP 0 0 8 0 0 -11342 -331 104 -455 0 0 102 -455 0 0
33.974 42 LINK_REPORT 42 -1 34 0 30345 740 0 1009. 25. 9 18.43
34.039 42 INS 0 0 4 0 0 22719 -217 -41 208
34.103 42 GPS_INT 0 0 0 0 0 0 0 0 0 0 0 0 0 0 0 0 8
34.103 42 SVINFO 0 0 0 0 0 0 0
34.217 42 ROTORCRAFT_FP 0 0 15 0 0 -6190 -336 103 -462 0 0 102 -462 0 0
34.254 42 INS 0 0 -36 0 0 -9068 -112 26 -155
34.270 42 ROTORCRAFT_STATUS 0 0 2 0 0 13 0 0 4 5 118 69
34.297 42 DL_VALUE 61 120.
34.348 42 AIR_DATA 99880. 0. 36.93 998.935181 1.141482 -1. -1.
34.362 42 GPS_INT 0 0 0 0 0 0 0 0 0 0 0 0 0 0 0 0 8
34.362 42 SVINFO 0 0 0 0 0 0 0
34.501 42 WP_MOVED_ENU 7 -256 -1500 253
34.501 42 ROTORCRAFT_FP 0 0 75 0 0 32791 -330 92 -475 0 0 102 -475 0 0
34.508 42 INS 0 0 -32 0 0 -1418 91 58 -32
34.596 42 STATE_FILTER_STATUS 3 3 0
34.613 42 GPS_INT 0 0 0 0 0 0 0 0 0 0 0 0 0 0 0 0 8
34.613 42 SVINFO 0 0 0 0 0 0 0
34.726 42 ROTORCRAFT_FP 0 0 16 0 0 -1165 -325 96 -464 0 0 102 -464 0 0
34.766 42 INS 0 0 -16 0 0 -1269 -123 159 250
34.885 42 GPS_INT 0 0 0 0 0 0 0 0 0 0 0 0 0 0 0 0 8
34.885 42 SVINFO 0 0 0 0 0 0 0
34.970 42 ROTORCRAFT_FP 0 0 -44 0 0 -54201 -345 87 -487 0 0 102 -487 0 0
34.974 42 LINK_REPORT 42 -1 35 0 31216 761 0 871. 21. 9 18.43
35.018 42 INS 0 0 35 0 0 50926 87 -22 100
35.123 42 ALIVE 245,241,57,166,41,78,173,218,186,16,142,239,108,64,167,55
35.124 42 GPS_INT 0 0 0 0 0 0 0 0 0 0 0 0 0 0 0 0 8
35.124 42 SVINFO 0 0 0 0 0 0 0
35.223 42 ROTORCRAFT_NAV_STATUS 68 0 0.8 0. 0 2 0
35.224 42 ROTORCRAFT_FP 0 0 -90 0 0 -79759 -334 78 -487 0 0 102 -487 0 0
35.306 42 INS 0 0 80 0 0 69157 1 226 -191
35.320 42 ENERGY 11.8 0. 0 0.
35.370 42 GPS_INT 0 0 0 0 0 0 0 0 0 0 0 0 0 0 0 0 8
35.371 42 SVINFO 0 0 0 0 0 0 0
35.395 42 DL_VALUE 62 230.
35.470 42 ROTORCRAFT_FP 0 0 -74 0 0 -69293 -334 72 -493 0 0 102 -493 0 0
35.480 42 ROTORCRAFT_STATUS 0 0 2 0 0 13 0 0 4 5 118 70
35.480 42 PONG 
35.533 42 INS 0 0 33 0 0 37504 -240 -50 -198
35.626 42 GPS_INT 0 0 0 0 0 0 0 0 0 0 0 0 0 0 0 0 8
35.626 42 SVINFO 0 0 0 0 0 0 0
35.669 42 AIR_DATA 99885. 0. 36.98 998.935181 0.718711 -1. -1.
35.726 42 ROTORCRAFT_FP 0 0 -52 0 0 -34937 -325 78 -502 0 0 102 -502 0 0
35.786 42 WP_MOVED_ENU 8 -1292 12 256
35.786 42 INS 0 0 53 0 0 36067 45 82 188
35.876 42 GPS_INT 0 0 0 0 0 0 0 0 0 0 0 0 0 0 0 0 8
35.876 42 SVINFO 0 0 0 0 0 0 0
35.973 42 ROTORCRAFT_FP 0 0 -122 0 0 -88844 -332 87 -503 0 0 102 -503 0 0
35.975 42 LINK_REPORT 42 -1 36 0 32153 785 0 937. 24. 10 22.32
36.027 42 INS 0 0 98 0 0 70395 -10 268 -192
36.126 42 GPS_INT 0 0 0 0 0 0 0 0 0 0 0 0 0 0 0 0 8
36.126 42 SVINFO 0 0 0 0 0 0 0
36.229 42 ROTORCRAFT_FP 0 0 -92 0 0 -60041 -321 72 -509 0 0 102 -509 0 0
36.282 42 INS 0 0 110 0 0 72383 29 203 20
36.380 42 GPS_INT 0 0 0 0 0 0 0 0 0 0 0 0 0 0 0 0 8
36.380 42 SVINFO 0 0 0 0 0 0 0
36.479 42 ROTORCRAFT_FP 0 0 -98 0 0 -65044 -314 68 -510 0 0 102 -510 0 0
36.509 42 DL_VALUE 63 40.
36.538 42 INS 0 0 142 0 0 95056 61 29 -54
36.640 42 GPS_INT 0 0 0 0 0 0 0 0 0 0 0 0 0 0 0 0 8
36.640 42 SVINFO 0 0 0 0 0 0 0
36.691 42 ROTORCRAFT_STATUS 0 0 2 0 0 13 0 0 4 5 118 71
36.738 42 ROTORCRAFT_FP 0 0 -109 0 0 -55488 -318 73 -510 0 0 102 -510 0 0
36.786 42 INS 0 0 110 0 0 59591 39 14 208
36.843 42 ROTORCRAFT_NAV_STATUS 70 0 0.8 0. 0 2 0
36.885 42 GPS_INT 0 0 0 0 0 0 0 0 0 0 0 0 0 0 0 0 8
36.885 42 SVINFO 0 0 0 0 0 0 0
36.975 42 AIR_DATA 99888. 0. 37.02 998.935181 0.465048 -1. -1.
36.975 42 LINK_REPORT 42 -1 37 0 32948 804 0 795. 19. 10 22.32
36.998 42 ROTORCRAFT_FP 0 0 -106 0 0 -57941 -327 67 -526 0 0 102 -526 0 0
37.034 42 I2C_ERRORS 0 0 0 0 0 0 0 0 0 0 0 0
37.034 42 I2C_ERRORS 0 0 0 0 0 0 0 0 0 0 0 1
37.036 42 INS 0 0 117 0 0 67500 -15 114 78
37.088 42 WP_MOVED_ENU 9 312 1249 256
37.136 42 GPS_INT 0 0 0 0 0 0 0 0 0 0 0 0 0 0 0 0 8
37.137 42 SVINFO 0 0 0 0 0 0 0
37.228 42 ALIVE 245,241,57,166,41,78,173,218,186,16,142,239,108,64,167,55
37.254 42 ROTORCRAFT_FP 0 0 -205 0 0 -123761 -310 64 -532 0 0 102 -532 0 0
37.289 42 INS 0 0 146 0 0 77729 36 10 -13
37.391 42 GPS_INT 0 0 0 0 0 0 0 0 0 0 0 0 0 0 0 0 8
37.391 42 SVINFO 0 0 0 0 0 0 0
37.500 42 ROTORCRAFT_FP 0 0 -124 0 0 -56449 -302 58 -557 0 0 102 -557 0 0
37.544 42 INS 0 0 147 0 0 72796 193 17 49
37.621 42 DL_VALUE 64 0.
37.664 42 GPS_INT 0 0 0 0 0 0 0 0 0 0 0 0 0 0 0 0 8
37.664 42 SVINFO 0 0 0 0 0 0 0
37.747 42 ROTORCRAFT_FP 0 0 -120 0 0 -51046 -247 77 -554 0 0 102 -554 0 0
37.798 42 INS 0 0 122 0 0 49908 -18 139 185
37.842 42 STATE_FILTER_STATUS 3 3 0
37.850 42 ENERGY 11.8 0. 0 0.
37.910 42 GPS_INT 0 0 0 0 0 0 0 0 0 0 0 0 0 0 0 0 8
37.910 42 SVINFO 0 0 0 0 0 0 0
37.911 42 ROTORCRAFT_STATUS 0 0 2 0 0 13 0 0 4 5 118 72
37.976 42 LINK_REPORT 42 -1 38 0 33896 828 0 948. 24. 10 22.32
37.999 42 ROTORCRAFT_FP 0 0 -89 0 0 246888 -213 -13 -433 0 0 102 -433 0 0
38.050 42 INS 0 0 82 0 0 -346471 -223 108 -3039
38.156 42 GPS_INT 0 0 0 0 0 0 0 0 0 0 0 0 0 0 0 0 8
38.156 42 SVINFO 0 0 0 0 0 0 0
38.253 42 ROTORCRAFT_FP 0 0 -65 0 0 398751 -946 -128 46 0 0 102 46 0 0
38.292 42 AIR_DATA 99886. 0. 37.060001 998.935181 0.634157 -1. -1.
38.312 42 INS 0 0 58 0 0 -365270 416 -72 1401
38.405 42 WP_MOVED_ENU 10 1448 -386 253
38.407 42 GPS_INT 0 0 0 0 0 0 0 0 0 0 0 0 0 0 0 0 8
38.407 42 SVINFO 0 0 0 0 0 0 0
38.438 42 ROTORCRAFT_NAV_STATUS 72 0 0.8 0. 0 2 0
38.505 42 ROTORCRAFT_FP 0 0 -43 0 0 135484 -1617 -338 284 0 0 102 284 0 0
38.570 42 DATALINK_REPORT 3 10 0 901 0 0
38.570 42 INS 0 0 50 0 0 -69217 235 193 1980
38.659 42 INS_REF 392433142 30036158 500219736 519906361 43767873 45110 0 99881.
38.659 42 GPS_INT 0 0 0 0 0 0 0 0 0 0 0 0 0 0 0 0 8
38.659 42 SVINFO 0 0 0 0 0 0 0
38.746 42 DL_VALUE 65 0.
38.759 42 ROTORCRAFT_FP 0 0 21 0 0 -20951 -1722 -515 343 0 0 102 343 0 0
38.813 42 INS 0 0 -20 0 0 37587 -235 104 415
38.917 42 GPS_INT 0 0 0 0 0 0 0 0 0 0 0 0 0 0 0 0 8
38.917 42 SVINFO 0 0 0 0 0 0 0
38.976 42 LINK_REPORT 42 -1 39 0 34812 850 0 916. 22. 10 22.32
39.012 42 ROTORCRAFT_FP 0 0 -62 0 0 -93272 -1614 -426 357 0 0 102 357 0 0
39.063 42 INS 0 0 65 0 0 98181 149 66 153
39.118 42 ROTORCRAFT_STATUS 0 0 2 0 0 13 0 0 4 5 118 74
39.168 42 GPS_INT 0 0 0 0 0 0 0 0 0 0 0 0 0 0 0 0 8
39.169 42 SVINFO 0 0 0 0 0 0 0
39.267 42 ROTORCRAFT_FP 0 0 27 0 0 -21285 -1565 -393 395 0 0 102 395 0 0
39.315 42 INS 0 0 -14 0 0 32794 -36 87 566
39.355 42 ALIVE 245,241,57,166,41,78,173,218,186,16,142,239,108,64,167,55
39.425 42 GPS_INT 0 0 0 0 0 0 0 0 0 0 0 0 0 0 0 0 8
39.425 42 SVINFO 0 0 0 0 0 0 0
39.516 42 ROTORCRAFT_FP 0 0 48 0 0 -35479 -1515 -381 390 0 0 102 390 0 0
39.567 42 INS 0 0 -35 0 0 93269 387 246 2684
39.606 42 AIR_DATA 99882. 0. 37.099998 998.935181 0.972374 -1. -1.
39.676 42 GPS_INT 0 0 0 0 0 0 0 0 0 0 0 0 0 0 0 0 8
39.676 42 SVINFO 0 0 0 0 0 0 0
39.705 42 WP_MOVED_ENU 11 -199 -1203 256
39.771 42 ROTORCRAFT_FP 0 0 -13 0 0 -567254 -815 -339 263 0 0 102 263 0 0
39.819 42 INS 0 0 90 0 0 645493 -125 -354 69
39.845 42 DL_VALUE 66 0.
39.926 42 GPS_INT 0 0 0 0 0 0 0 0 0 0 0 0 0 0 0 0 8
39.926 42 SVINFO 0 0 0 0 0 0 0
39.977 42 LINK_REPORT 42 -1 40 0 35696 871 0 884. 21. 10 22.32
40.022 42 ROTORCRAFT_FP 0 0 -96 0 0 -331495 43 -166 -75 0 0 102 -75 0 0
40.058 42 ROTORCRAFT_NAV_STATUS 73 0 0.8 0. 0 2 0
40.073 42 INS 0 0 103 0 0 248253 -78 855 -2477
40.179 42 GPS_INT 0 0 0 0 0 0 0 0 0 0 0 0 0 0 0 0 8
40.179 42 SVINFO 0 0 0 0 0 0 0
40.282 42 ROTORCRAFT_FP 0 0 -100 0 0 -74856 191 -46 -314 0 0 102 -314 0 0
40.325 42 INS 0 0 124 0 0 73931 104 616 -441
40.344 42 ROTORCRAFT_STATUS 0 0 2 0 0 13 0 0 4 5 118 75
40.377 42 ENERGY 11.8 0. 0 0.
40.430 42 GPS_INT 0 0 0 0 0 0 0 0 0 0 0 0 0 0 0 0 8
40.430 42 SVINFO 0 0 0 0 0 0 0
40.461 42 PONG 
40.525 42 ROTORCRAFT_FP 0 0 -42 0 0 -12855 171 -93 -311 0 0 102 -311 0 0
40.576 42 INS 0 0 34 0 0 4240 41 71 0
40.690 42 GPS_INT 0 0 0 0 0 0 0 0 0 0 0 0 0 0 0 0 8
40.693 42 SVINFO 0 0 0 0 0 0 0
40.776 42 ROTORCRAFT_FP 0 0 -33 0 0 5608 222 -114 -269 0 0 102 -269 0 0
40.845 42 INS 0 0 57 0 0 6317 -106 241 -314
40.920 42 AIR_DATA 99885. 0. 37.139999 998.935181 0.718711 -1. -1.
40.928 42 GPS_INT 0 0 0 0 0 0 0 0 0 0 0 0 0 0 0 0 8
40.928 42 SVINFO 0 0 0 0 0 0 0
40.953 42 DL_VALUE 67 0.
40.978 42 LINK_REPORT 42 -1 41 0 36587 893 0 891. 22. 11 2.79
41.014 42 WP_MOVED_ENU 12 -954 -2 253
41.028 42 ROTORCRAFT_FP 0 0 7 0 0 37393 197 -109 -255 0 0 102 -255 0 0
41.065 42 STATE_FILTER_STATUS 3 3 0
41.089 42 INS 0 0 -7 0 0 -36554 201 28 87
41.185 42 I2C_ERRORS 0 0 0 0 0 0 0 0 0 0 0 2
41.185 42 I2C_ERRORS 0 0 0 0 0 0 0 0 0 0 0 0
41.186 42 GPS_INT 0 0 0 0 0 0 0 0 0 0 0 0 0 0 0 0 8
41.186 42 SVINFO 0 0 0 0 0 0 0
41.284 42 ROTORCRAFT_FP 0 0 -17 0 0 15621 214 -94 -262 0 0 102 -262 0 0
41.330 42 INS 0 0 16 0 0 -23878 -48 -75 76
41.433 42 GPS_INT 0 0 0 0 0 0 0 0 0 0 0 0 0 0 0 0 8
41.433 42 SVINFO 0 0 0 0 0 0 0
41.471 42 ALIVE 245,241,57,166,41,78,173,218,186,16,142,239,108,64,167,55
41.532 42 ROTORCRAFT_FP 0 0 -40 0 0 15233 215 -76 -248 0 0 102 -248 0 0
41.536 42 ROTORCRAFT_STATUS 0 0 2 0 0 13 0 0 4 5 118 76
41.583 42 INS 0 0 22 0 0 -24380 -111 -460 152
41.596 42 WIND_INFO 42 5 0. 0. 0. 0.
41.665 42 ROTORCRAFT_NAV_STATUS 75 0 0.8 0. 0 2 0
41.683 42 GPS_INT 0 0 0 0 0 0 0 0 0 0 0 0 0 0 0 0 8
41.683 42 SVINFO 0 0 0 0 0 0 0
41.782 42 ROTORCRAFT_FP 0 0 5 0 0 37256 196 -17 -259 0 0 102 -259 0 0
41.832 42 INS 0 0 6 0 0 -26273 -98 -82 13
41.934 42 GPS_INT 0 0 0 0 0 0 0 0 0 0 0 0 0 0 0 0 8
41.934 42 SVINFO 0 0 0 0 0 0 0
41.979 42 LINK_REPORT 42 -1 42 0 37523 916 0 936. 23. 12 2.79
42.040 42 ROTORCRAFT_FP 0 0 -9 0 0 15076 228 -92 -281 0 0 102 -281 0 0
42.067 42 DL_VALUE 68 0.
42.086 42 INS 0 0 5 0 0 -15389 45 5 195
42.189 42 GPS_INT 0 0 0 0 0 0 0 0 0 0 0 0 0 0 0 0 8
42.189 42 SVINFO 0 0 0 0 0 0 0
42.236 42 AIR_DATA 99886. 0. 37.189999 998.935181 0.634157 -1. -1.
42.290 42 ROTORCRAFT_FP 0 0 10 0 0 37235 322 -232 -302 0 0 102 -302 0 0
42.324 42 WP_MOVED_ENU 13 327 993 253
42.341 42 INS 0 0 -11 0 0 -35473 146 -12 168
42.446 42 GPS_INT 0 0 0 0 0 0 0 0 0 0 0 0 0 0 0 0 8
42.446 42 SVINFO 0 0 0 0 0 0 0
42.543 42 ROTORCRAFT_FP 0 0 -3 0 0 27136 332 -259 -354 0 0 102 -354 0 0
42.593 42 INS 0 0 30 0 0 -29555 103 658 -1484
42.693 42 GPS_INT 0 0 0 0 0 0 0 0 0 0 0 0 0 0 0 0 8
42.693 42 SVINFO 0 0 0 0 0 0 0
42.745 42 ROTORCRAFT_STATUS 0 0 2 0 0 13 0 0 4 5 118 77
42.808 42 ROTORCRAFT_FP 0 0 1 0 0 426008 355 -520 -296 0 0 102 -296 0 0
42.845 42 INS 0 0 -29 0 0 -561989 129 -1128 -4646
42.902 42 ENERGY 11.8 0. 0 0.
42.946 42 GPS_INT 0 0 0 0 0 0 0 0 0 0 0 0 0 0 0 0 8
42.946 42 SVINFO 0 0 0 0 0 0 0
42.980 42 LINK_REPORT 42 -1 43 0 38404 937 0 881. 21. 12 2.79
43.063 42 ROTORCRAFT_FP 0 0 83 0 0 652926 336 -321 -556 0 0 102 -556 0 0
43.097 42 INS 0 0 -88 0 0 -557868 568 -2720 4743
43.171 42 DL_VALUE 69 0.
43.197 42 GPS_INT 0 0 0 0 0 0 0 0 0 0 0 0 0 0 0 0 8
43.197 42 SVINFO 0 0 0 0 0 0 0
43.280 42 ROTORCRAFT_NAV_STATUS 76 0 0.8 0. 0 2 0
43.322 42 ROTORCRAFT_FP 0 0 142 0 0 113814 -267 -728 -719 0 0 102 -719 0 0
43.348 42 INS 0 0 -145 0 0 -52760 1691 251 2782
43.448 42 GPS_INT 0 0 0 0 0 0 0 0 0 0 0 0 0 0 0 0 8
43.448 42 SVINFO 0 0 0 0 0 0 0
43.534 42 AIR_DATA 99879. 0. 37.23 998.935181 1.226036 -1. -1.
43.586 42 ROTORCRAFT_FP 0 0 135 0 0 -31449 -385 -324 -758 0 0 102 -758 0 0
43.589 42 ALIVE 245,241,57,166,41,78,173,218,186,16,142,239,108,64,167,55
43.610 42 INS 0 0 -122 0 0 24228 295 244 -761
43.663 42 WP_MOVED_ENU 14 1134 -345 253
43.700 42 DATALINK_REPORT 2 12 0 892 0 0
43.701 42 GPS_INT 0 0 0 0 0 0 0 0 0 0 0 0 0 0 0 0 8
43.701 42 SVINFO 0 0 0 0 0 0 0
43.823 42 INS_REF 392433142 30036158 500219736 519906361 43767873 45110 0 99881.
43.824 42 ROTORCRAFT_FP 0 0 166 0 0 14324 -448 -436 -681 0 0 102 -681 0 0
43.853 42 INS 0 0 -158 0 0 -8456 -63 -54 7
43.951 42 GPS_INT 0 0 0 0 0 0 0 0 0 0 0 0 0 0 0 0 8
43.951 42 SVINFO 0 0 0 0 0 0 0
43.952 42 ROTORCRAFT_STATUS 0 0 2 0 0 13 0 0 4 5 118 78
43.980 42 LINK_REPORT 42 -1 44 0 39370 961 0 966. 24. 12 2.79
44.067 42 ROTORCRAFT_FP 0 0 160 0 0 9759 -421 -476 -723 0 0 102 -723 0 0
44.102 42 INS 0 0 -126 0 0 13378 -128 72 -16
44.204 42 GPS_INT 0 0 0 0 0 0 0 0 0 0 0 0 0 0 0 0 8
44.204 42 SVINFO 0 0 0 0 0 0 0
44.278 42 DL_VALUE 70 0.
44.290 42 STATE_FILTER_STATUS 3 3 0
44.325 42 ROTORCRAFT_FP 0 0 111 0 0 -29367 -462 -519 -675 0 0 102 -675 0 0
44.356 42 INS 0 0 -110 0 0 34355 60 -29 -181
44.456 42 GPS_INT 0 0 0 0 0 0 0 0 0 0 0 0 0 0 0 0 8
44.457 42 SVINFO 0 0 0 0 0 0 0
44.573 42 ROTORCRAFT_FP 0 0 189 0 0 15228 -409 -478 -672 0 0 102 -672 0 0
44.610 42 INS 0 0 -189 0 0 -21887 -267 -65 -424
44.712 42 GPS_INT 0 0 0 0 0 0 0 0 0 0 0 0 0 0 0 0 8
44.713 42 SVINFO 0 0 0 0 0 0 0
44.835 42 ROTORCRAFT_FP 0 0 181 0 0 -21068 -427 -509 -692 0 0 102 -692 0 0
44.835 42 AUTOPILOT_VERSION 51300 v5.13_devel-166-gae18987-dirty
44.845 42 AIR_DATA 99874. 0. 37.27 998.935181 1.648808 -1. -1.
44.877 42 INS 0 0 -166 0 0 83805 721 1090 2345
44.934 42 ROTORCRAFT_NAV_STATUS 78 0 0.8 0. 0 2 0
44.948 42 WP_MOVED_ENU 0 0 0 256
44.971 42 GPS_INT 0 0 0 0 0 0 0 0 0 0 0 0 0 0 0 0 8
44.971 42 SVINFO 0 0 0 0 0 0 0
44.981 42 LINK_REPORT 42 -1 45 0 40282 983 0 912. 22. 12 2.79
45.075 42 ROTORCRAFT_FP 0 0 184 0 0 -490388 -321 -326 -751 0 0 102 -751 0 0
45.122 42 INS 0 0 -155 0 0 645910 1604 -99 4454
45.167 42 ROTORCRAFT_STATUS 0 0 2 0 0 13 0 0 4 5 118 80
45.231 42 GPS_INT 0 0 0 0 0 0 0 0 0 0 0 0 0 0 0 0 8
45.231 42 SVINFO 0 0 0 0 0 0 0
45.325 42 I2C_ERRORS 0 0 0 0 0 0 0 0 0 0 0 1
45.325 42 I2C_ERRORS 0 0 0 0 0 0 0 0 0 0 0 2
45.325 42 ROTORCRAFT_FP 0 0 93 0 0 -522732 31 -476 -1209 0 0 102 -1209 0 0
45.368 42 INS 0 0 -82 0 0 346704 -938 -247 -5682
45.398 42 DL_VALUE 71 0.
45.435 42 ENERGY 11.8 0. 0 0.
45.464 42 PONG 
45.484 42 GPS_INT 0 0 0 0 0 0 0 0 0 0 0 0 0 0 0 0 8
45.484 42 SVINFO 0 0 0 0 0 0 0
45.576 42 ROTORCRAFT_FP 0 0 53 0 0 -57563 104 -137 -1616 0 0 102 -1616 0 0
45.622 42 INS 0 0 -52 0 0 27106 -187 339 -820
45.713 42 ALIVE 245,241,57,166,41,78,173,218,186,16,142,239,108,64,167,55
45.733 42 GPS_INT 0 0 0 0 0 0 0 0 0 0 0 0 0 0 0 0 8
45.733 42 SVINFO 0 0 0 0 0 0 0
45.829 42 ROTORCRAFT_FP 0 0 19 0 0 -30222 148 -107 -1634 0 0 102 -1634 0 0
45.892 42 INS 0 0 -38 0 0 18492 50 -109 52
45.980 42 GPS_INT 0 0 0 0 0 0 0 0 0 0 0 0 0 0 0 0 8
45.980 42 SVINFO 0 0 0 0 0 0 0
45.981 42 LINK_REPORT 42 -1 46 0 41205 1006 0 923. 23. 13 4.
46.077 42 ROTORCRAFT_FP 0 0 50 0 0 8959 232 -89 -1608 0 0 102 -1608 0 0
46.153 42 INS 0 0 21 0 0 45475 -143 -20 75
46.163 42 AIR_DATA 99888. 0. 37.310001 998.935181 0.465048 -1. -1.
46.230 42 GPS_INT 0 0 0 0 0 0 0 0 0 0 0 0 0 0 0 0 8
46.230 42 SVINFO 0 0 0 0 0 0 0
46.260 42 WP_MOVED_ENU 1 151 -148 253
46.329 42 ROTORCRAFT_FP 0 0 45 0 0 7519 273 -84 -1579 0 0 102 -1579 0 0
46.387 42 ROTORCRAFT_STATUS 0 0 2 0 0 13 0 0 4 5 118 81
46.387 42 INS 0 0 -14 0 0 7887 -53 -98 -307
46.482 42 GPS_INT 0 0 0 0 0 0 0 0 0 0 0 0 0 0 0 0 8
46.482 42 SVINFO 0 0 0 0 0 0 0
46.504 42 DL_VALUE 72 0.
46.515 42 ROTORCRAFT_NAV_STATUS 80 0 0.8 0. 0 2 0
46.584 42 ROTORCRAFT_FP 0 0 81 0 0 71716 292 -276 -1588 0 0 102 -1588 0 0
46.634 42 INS 0 0 -83 0 0 -105398 1846 -1281 -1458
46.733 42 GPS_INT 0 0 0 0 0 0 0 0 0 0 0 0 0 0 0 0 8
46.733 42 SVINFO 0 0 0 0 0 0 0
46.835 42 ROTORCRAFT_FP 0 0 18 0 0 290888 182 -475 -1754 0 0 102 -1754 0 0
46.885 42 INS 0 0 -52 0 0 -332216 3112 -537 60
46.982 42 LINK_REPORT 42 -1 47 0 42006 1025 0 801. 19. 13 4.
46.988 42 GPS_INT 0 0 0 0 0 0 0 0 0 0 0 0 0 0 0 0 8
46.988 42 SVINFO 0 0 0 0 0 0 0
47.087 42 ROTORCRAFT_FP 0 0 48 0 0 98772 -349 21 -2734 0 0 102 -2734 0 0
47.142 42 INS 0 0 -36 0 0 -39621 -4442 2154 2091
47.239 42 GPS_INT 0 0 0 0 0 0 0 0 0 0 0 0 0 0 0 0 8
47.240 42 SVINFO 0 0 0 0 0 0 0
47.338 42 ROTORCRAFT_FP 0 0 0 0 0 -84717 -371 -29 -3356 0 0 102 -3356 0 0
47.391 42 INS 0 0 -6 0 0 86443 -175 434 655
47.478 42 AIR_DATA 99880. 0. 37.349998 998.935181 1.141482 -1. -1.
47.491 42 GPS_INT 0 0 0 0 0 0 0 0 0 0 0 0 0 0 0 0 8
47.491 42 SVINFO 0 0 0 0 0 0 0
47.528 42 STATE_FILTER_STATUS 3 3 0
47.573 42 WP_MOVED_ENU 2 491 245 256
47.592 42 ROTORCRAFT_STATUS 0 0 2 0 0 13 0 0 4 5 118 82
47.592 42 ROTORCRAFT_FP 0 0 -1 0 0 -73688 -340 -147 -3244 0 0 102 -3244 0 0
47.616 42 DL_VALUE 0 0.
47.646 42 INS 0 0 2 0 0 66332 5 -64 -757
47.745 42 GPS_INT 0 0 0 0 0 0 0 0 0 0 0 0 0 0 0 0 8
47.745 42 SVINFO 0 0 0 0 0 0 0
47.837 42 ALIVE 245,241,57,166,41,78,173,218,186,16,142,239,108,64,167,55
47.850 42 ROTORCRAFT_FP 0 0 55 0 0 -18052 -373 -133 -3221 0 0 102 -3221 0 0
47.916 42 INS 0 0 9 0 0 69243 -598 -82 -203
47.954 42 ENERGY 11.8 0. 0 0.
47.982 42 LINK_REPORT 42 -1 48 0 42924 1048 0 918. 23. 13 4.
48.003 42 GPS_INT 0 0 0 0 0 0 0 0 0 0 0 0 0 0 0 0 8
48.003 42 SVINFO 0 0 0 0 0 0 0
48.101 42 ROTORCRAFT_FP 0 0 18 0 0 -43439 -311 -252 -3202 0 0 102 -3202 0 0
48.149 42 ROTORCRAFT_NAV_STATUS 81 0 0.8 0. 0 2 0
48.152 42 INS 0 0 -57 0 0 1519 -1520 230 -1168
48.255 42 GPS_INT 0 0 0 0 0 0 0 0 0 0 0 0 0 0 0 0 8
48.255 42 SVINFO 0 0 0 0 0 0 0
48.352 42 ROTORCRAFT_FP 0 0 108 0 0 536552 -642 -419 -2963 0 0 102 -2963 0 0
48.414 42 INS 0 0 -90 0 0 -583375 -1202 -1044 -1633
48.505 42 GPS_INT 0 0 0 0 0 0 0 0 0 0 0 0 0 0 0 0 8
48.505 42 SVINFO 0 0 0 0 0 0 0
48.606 42 ROTORCRAFT_FP 0 0 121 0 0 303383 -2248 -705 -2432 0 0 102 -2432 0 0
48.674 42 INS 0 0 -127 0 0 -134637 883 1906 6068
48.744 42 DL_VALUE 1 1.
48.763 42 GPS_INT 0 0 0 0 0 0 0 0 0 0 0 0 0 0 0 0 8
48.764 42 SVINFO 0 0 0 0 0 0 0
48.833 42 ROTORCRAFT_STATUS 0 0 2 0 0 13 0 0 4 5 118 83
48.870 42 DATALINK_REPORT 3 13 0 903 0 0
48.873 42 ROTORCRAFT_FP 0 0 48 0 0 -506799 -1696 -589 -1921 0 0 102 -1921 0 0
48.910 42 WP_MOVED_ENU 3 491 245 256
48.925 42 INS 0 0 -46 0 0 625171 1220 107 4522
48.964 42 INS_REF 392433142 30036158 500219736 519906361 43767873 45110 0 99881.
48.983 42 LINK_REPORT 42 -1 49 0 43829 1070 0 905. 22. 13 4.
49.014 42 GPS_INT 0 0 0 0 0 0 0 0 0 0 0 0 0 0 0 0 8
49.021 42 SVINFO 0 0 0 0 0 0 0
49.125 42 ROTORCRAFT_FP 0 0 -35 0 0 -804239 -533 -274 -1906 0 0 102 -1906 0 0
49.167 42 INS 0 0 15 0 0 722884 526 -1394 -2171
49.267 42 GPS_INT 0 0 0 0 0 0 0 0 0 0 0 0 0 0 0 0 8
49.267 42 SVINFO 0 0 0 0 0 0 0
49.371 42 ROTORCRAFT_FP 0 0 -34 0 0 -210281 454 26 -2085 0 0 102 -2085 0 0
49.419 42 INS 0 0 42 0 0 32216 975 1467 -7602
49.470 42 I2C_ERRORS 0 0 0 0 0 0 0 0 0 0 0 0
49.470 42 I2C_ERRORS 0 0 0 0 0 0 0 0 0 0 0 1
49.470 42 I2C_ERRORS 0 0 0 0 0 0 0 0 0 0 0 2
49.523 42 GPS_INT 0 0 0 0 0 0 0 0 0 0 0 0 0 0 0 0 8
49.524 42 SVINFO 0 0 0 0 0 0 0
49.627 42 ROTORCRAFT_FP 0 0 49 0 0 578581 113 -6 -1914 0 0 102 -1914 0 0
49.674 42 INS 0 0 -65 0 0 -656482 -511 143 -2394
49.760 42 ROTORCRAFT_NAV_STATUS 83 0 0.8 0. 0 2 0
49.774 42 GPS_INT 0 0 0 0 0 0 0 0 0 0 0 0 0 0 0 0 8
49.774 42 SVINFO 0 0 0 0 0 0 0
49.848 42 DL_VALUE 2 0.
49.934 42 INS 0 0 -49 0 0 -387027 505 -138 4720
49.963 42 ALIVE 245,241,57,166,41,78,173,218,186,16,142,239,108,64,167,55
49.984 42 LINK_REPORT 42 -1 50 0 44687 1091 0 858. 21. 13 4.
50.032 42 ROTORCRAFT_STATUS 0 0 2 0 0 13 0 0 4 5 118 84
50.032 42 GPS_INT 0 0 0 0 0 0 0 0 0 0 0 0 0 0 0 0 8
50.033 42 SVINFO 0 0 0 0 0 0 0
50.106 42 AIR_DATA 99879. 0. 37.43 998.935181 1.226036 -1. -1.
50.135 42 ROTORCRAFT_FP 0 0 73 0 0 -309272 -1177 -781 -1685 0 0 102 -1685 0 0
50.190 42 INS 0 0 -70 0 0 532408 -451 -388 9215
50.227 42 WP_MOVED_ENU 4 197 -440 256
50.319 42 GPS_INT 0 0 0 0 0 0 0 0 0 0 0 0 0 0 0 0 8
50.320 42 SVINFO 0 0 0 0 0 0 0
50.430 42 ROTORCRAFT_FP 0 0 10 0 0 -893222 -257 63 -1811 0 0 102 -1811 0 0
50.443 42 INS 0 0 14 0 0 754590 -119 -997 -7416
50.466 42 PONG 
50.487 42 ENERGY 11.8 0. 0 0.
50.552 42 GPS_INT 0 0 0 0 0 0 0 0 0 0 0 0 0 0 0 0 8
50.553 42 SVINFO 0 0 0 0 0 0 0
50.640 42 ROTORCRAFT_FP 0 0 41 0 0 522420 447 309 -1838 0 0 102 -1838 0 0
50.687 42 INS 0 0 -57 0 0 -795991 -2434 -59 -7671
50.770 42 STATE_FILTER_STATUS 3 3 0
50.801 42 GPS_INT 0 0 0 0 0 0 0 0 0 0 0 0 0 0 0 0 8
50.801 42 SVINFO 0 0 0 0 0 0 0
50.897 42 ROTORCRAFT_FP 0 0 62 0 0 594451 -1032 -216 -1775 0 0 102 -1775 0 0
50.940 42 INS 0 0 -74 0 0 -389467 -1894 1132 7563
50.980 42 DL_VALUE 3 1.
50.984 42 LINK_REPORT 42 -1 51 0 45588 1114 0 901. 23. 14 5.78
51.065 42 GPS_INT 0 0 0 0 0 0 0 0 0 0 0 0 0 0 0 0 8
51.066 42 SVINFO 0 0 0 0 0 0 0
51.171 42 ROTORCRAFT_FP 0 0 27 0 0 -492791 -1196 -630 -1506 0 0 102 -1506 0 0
51.192 42 INS 0 0 5 0 0 693705 718 190 7045
51.237 42 ROTORCRAFT_STATUS 0 0 2 0 0 13 0 0 4 5 118 86
51.308 42 GPS_INT 0 0 0 0 0 0 0 0 0 0 0 0 0 0 0 0 8
51.309 42 SVINFO 0 0 0 0 0 0 0
51.396 42 ROTORCRAFT_NAV_STATUS 85 0 0.8 0. 0 2 0
51.396 42 ROTORCRAFT_FP 0 0 9 0 0 -751597 198 -170 -1620 0 0 102 -1620 0 0
51.421 42 AIR_DATA 99883. 0. 37.470001 998.935181 0.887819 -1. -1.
51.448 42 INS 0 0 10 0 0 568292 550 -722 -7048
51.522 42 WP_MOVED_ENU 5 -219 532 256
51.565 42 GPS_INT 0 0 0 0 0 0 0 0 0 0 0 0 0 0 0 0 8
51.565 42 SVINFO 0 0 0 0 0 0 0
51.597 42 WIND_INFO 42 5 0. 0. 0. 0.
51.646 42 ROTORCRAFT_FP 0 0 -51 0 0 -45657 851 193 -1620 0 0 102 -1620 0 0
51.696 42 INS 0 0 52 0 0 12268 544 -252 -659
51.818 42 GPS_INT 0 0 0 0 0 0 0 0 0 0 0 0 0 0 0 0 8
51.818 42 SVINFO 0 0 0 0 0 0 0
51.898 42 ROTORCRAFT_FP 0 0 -1 0 0 30780 590 86 -1627 0 0 102 -1627 0 0
51.949 42 INS 0 0 0 0 0 -23827 305 -121 49
51.986 42 LINK_REPORT 42 -1 52 0 46457 1134 0 869. 20. 15 5.78
52.053 42 GPS_INT 0 0 0 0 0 0 0 0 0 0 0 0 0 0 0 0 8
52.057 42 SVINFO 0 0 0 0 0 0 0
52.071 42 DL_VALUE 4 13.
52.089 42 ALIVE 245,241,57,166,41,78,173,218,186,16,142,239,108,64,167,55
52.152 42 ROTORCRAFT_FP 0 0 9 0 0 -22225 518 93 -1598 0 0 102 -1598 0 0
52.204 42 INS 0 0 35 0 0 52010 135 -416 -890
52.302 42 GPS_INT 0 0 0 0 0 0 0 0 0 0 0 0 0 0 0 0 8
52.302 42 SVINFO 0 0 0 0 0 0 0
52.408 42 ROTORCRAFT_FP 0 0 -37 0 0 210648 289 -77 -1542 0 0 102 -1542 0 0
52.449 42 ROTORCRAFT_STATUS 0 0 2 0 0 13 0 0 4 5 118 87
52.480 42 INS 0 0 9 0 0 9190 -834 -1325 10129
52.589 42 GPS_INT 0 0 0 0 0 0 0 0 0 0 0 0 0 0 0 0 8
52.590 42 SVINFO 0 0 0 0 0 0 0
52.659 42 ROTORCRAFT_FP 0 0 0 0 0 -89353 567 117 -1594 0 0 102 -1594 0 0
52.715 42 INS 0 0 42 0 0 68476 -228 -198 -1423
52.731 42 AIR_DATA 99887. 0. 37.509998 998.935181 0.549603 -1. -1.
52.806 42 GPS_INT 0 0 0 0 0 0 0 0 0 0 0 0 0 0 0 0 8
52.807 42 SVINFO 0 0 0 0 0 0 0
52.833 42 WP_MOVED_ENU 6 -272 666 256
52.909 42 ROTORCRAFT_FP 0 0 -18 0 0 640 646 220 -1454 0 0 102 -1454 0 0
52.967 42 INS 0 0 18 0 0 -5449 -56 578 2
52.986 42 LINK_REPORT 42 -1 53 0 47341 1155 0 884. 21. 15 5.78
52.998 42 ROTORCRAFT_NAV_STATUS 86 0 0.8 0. 0 2 0
53.011 42 ENERGY 11.8 0. 0 0.
53.069 42 GPS_INT 0 0 0 0 0 0 0 0 0 0 0 0 0 0 0 0 8
53.070 42 SVINFO 0 0 0 0 0 0 0
53.161 42 ROTORCRAFT_FP 0 0 17 0 0 38958 504 221 -1341 0 0 102 -1341 0 0
53.183 42 DL_VALUE 5 1.
53.215 42 INS 0 0 -57 0 0 -66695 -633 47 -194
53.319 42 GPS_INT 0 0 0 0 0 0 0 0 0 0 0 0 0 0 0 0 8
53.319 42 SVINFO 0 0 0 0 0 0 0
53.412 42 ROTORCRAFT_FP 0 0 32 0 0 34818 462 159 -1367 0 0 102 -1367 0 0
53.464 42 INS 0 0 -16 0 0 -21932 2 -114 5
53.563 42 GPS_INT 0 0 0 0 0 0 0 0 0 0 0 0 0 0 0 0 8
53.563 42 SVINFO 0 0 0 0 0 0 0
53.616 42 I2C_ERRORS 0 0 0 0 0 0 0 0 0 0 0 0
53.617 42 I2C_ERRORS 0 0 0 0 0 0 0 0 0 0 0 1
53.659 42 ROTORCRAFT_STATUS 0 0 2 0 0 13 0 0 4 5 118 88
53.663 42 ROTORCRAFT_FP 0 0 19 0 0 36819 310 244 -1386 0 0 102 -1386 0 0
53.715 42 INS 0 0 -39 0 0 -49418 9 -375 297
53.818 42 GPS_INT 0 0 0 0 0 0 0 0 0 0 0 0 0 0 0 0 8
53.818 42 SVINFO 0 0 0 0 0 0 0
53.919 42 ROTORCRAFT_FP 0 0 53 0 0 64754 -277 304 -1286 0 0 102 -1286 0 0
53.976 42 INS 0 0 -55 0 0 -69160 87 338 -192
53.986 42 LINK_REPORT 42 -1 54 0 48254 1177 0 913. 22. 15 5.78
54.002 42 STATE_FILTER_STATUS 3 3 0
54.027 42 DATALINK_REPORT 2 15 0 910 0 0
54.055 42 AIR_DATA 99884. 0. 37.549999 998.935181 0.803265 -1. -1.
54.068 42 GPS_INT 0 0 0 0 0 0 0 0 0 0 0 0 0 0 0 0 8
54.068 42 SVINFO 0 0 0 0 0 0 0
54.124 42 INS_REF 392433142 30036158 500219736 519906361 43767873 45110 0 99881.
54.152 42 WP_MOVED_ENU 7 -256 -1500 253
54.176 42 ROTORCRAFT_FP 0 0 30 0 0 46392 -726 341 -1149 0 0 102 -1149 0 0
54.232 42 ALIVE 245,241,57,166,41,78,173,218,186,16,142,239,108,64,167,55
54.233 42 INS 0 0 -31 0 0 -53834 44 -217 -601
54.308 42 DL_VALUE 6 0.
54.321 42 GPS_INT 0 0 0 0 0 0 0 0 0 0 0 0 0 0 0 0 8
54.322 42 SVINFO 0 0 0 0 0 0 0
54.421 42 ROTORCRAFT_FP 0 0 22 0 0 27955 -1276 227 -876 0 0 102 -876 0 0
54.476 42 INS 0 0 -50 0 0 -39564 36 -225 496
54.578 42 GPS_INT 0 0 0 0 0 0 0 0 0 0 0 0 0 0 0 0 8
54.578 42 SVINFO 0 0 0 0 0 0 0
54.608 42 ROTORCRAFT_NAV_STATUS 88 0 0.8 0. 0 2 0
54.678 42 ROTORCRAFT_FP 0 0 25 0 0 2270 -1424 -84 -829 0 0 102 -829 0 0
54.732 42 INS 0 0 -22 0 0 -10407 206 358 -299
54.840 42 GPS_INT 0 0 0 0 0 0 0 0 0 0 0 0 0 0 0 0 8
54.840 42 SVINFO 0 0 0 0 0 0 0
54.888 42 ROTORCRAFT_STATUS 0 0 2 0 0 13 0 0 4 5 118 89
54.928 42 ROTORCRAFT_FP 0 0 52 0 0 21449 -1509 -146 -791 0 0 102 -791 0 0
54.981 42 INS 0 0 -53 0 0 -17547 388 -36 184
54.987 42 LINK_REPORT 42 -1 55 0 49232 1202 0 978. 25. 15 5.78
55.083 42 GPS_INT 0 0 0 0 0 0 0 0 0 0 0 0 0 0 0 0 8
55.084 42 SVINFO 0 0 0 0 0 0 0
55.182 42 ROTORCRAFT_FP 0 0 17 0 0 -5587 -1511 -178 -779 0 0 102 -779 0 0
55.235 42 INS 0 0 -17 0 0 10577 67 -186 214
55.338 42 GPS_INT 0 0 0 0 0 0 0 0 0 0 0 0 0 0 0 0 8
55.338 42 SVINFO 0 0 0 0 0 0 0
55.361 42 AIR_DATA 99876. 0. 37.59 998.935181 1.479699 -1. -1.
55.403 42 DL_VALUE 7 13.
55.453 42 ROTORCRAFT_FP 0 0 74 0 0 30758 -1557 -276 -733 0 0 102 -733 0 0
55.482 42 PONG 
55.490 42 INS 0 0 -29 0 0 2121 -114 -136 -64
55.548 42 ENERGY 11.8 0. 0 0.
55.585 42 GPS_INT 0 0 0 0 0 0 0 0 0 0 0 0 0 0 0 0 8
55.585 42 SVINFO 0 0 0 0 0 0 0
55.692 42 ROTORCRAFT_FP 0 0 26 0 0 -9256 -1598 -481 -646 0 0 102 -646 0 0
55.740 42 INS 0 0 -22 0 0 13913 397 -184 234
55.838 42 GPS_INT 0 0 0 0 0 0 0 0 0 0 0 0 0 0 0 0 8
55.846 42 SVINFO 0 0 0 0 0 0 0
55.936 42 ROTORCRAFT_FP 0 0 45 0 0 6033 -1665 -598 -575 0 0 102 -575 0 0
55.987 42 LINK_REPORT 42 -1 56 0 50031 1221 0 799. 19. 16 20.91
55.994 42 INS 0 0 6 0 0 24666 -68 9 -442
56.056 42 AUTOPILOT_VERSION 51300 v5.13_devel-166-gae18987-dirty
56.083 42 ROTORCRAFT_STATUS 0 0 2 0 0 13 0 0 4 5 118 91
56.090 42 GPS_INT 0 0 0 0 0 0 0 0 0 0 0 0 0 0 0 0 8
56.090 42 SVINFO 0 0 0 0 0 0 0
56.212 42 ROTORCRAFT_FP 0 0 -8 0 0 62758 -1488 -2406 -321 0 0 102 -321 0 0
56.230 42 ROTORCRAFT_NAV_STATUS 89 0 0.8 0. 0 2 0
56.247 42 INS 0 0 6 0 0 -70839 469 -177 282
56.327 42 ALIVE 245,241,57,166,41,78,173,218,186,16,142,239,108,64,167,55
56.357 42 GPS_INT 0 0 0 0 0 0 0 0 0 0 0 0 0 0 0 0 8
56.358 42 SVINFO 0 0 0 0 0 0 0
56.443 42 ROTORCRAFT_FP 0 0 -23 0 0 -24323 -11990 -5903 11655 0 0 102 11655 0 0
56.498 42 INS 0 0 34 0 0 51532 -362 67 752
56.514 42 DL_VALUE 8 1.
56.595 42 GPS_INT 0 0 0 0 0 0 0 0 0 0 0 0 0 0 0 0 8
56.595 42 SVINFO 0 0 0 0 0 0 0
56.667 42 AIR_DATA 99883. 0. 37.630001 998.935181 0.887819 -1. -1.
56.697 42 ROTORCRAFT_FP 0 0 -27 0 0 -110756 -11907 -3732 12505 0 0 102 12505 0 0
56.745 42 INS 0 0 28 0 0 124911 -1237 65 405
56.771 42 WP_MOVED_ENU 9 312 1249 256
56.850 42 GPS_INT 0 0 0 0 0 0 0 0 0 0 0 0 0 0 0 0 8
56.850 42 SVINFO 0 0 0 0 0 0 0
56.946 42 ROTORCRAFT_FP 0 0 -33 0 0 -167762 -11171 -4851 11567 0 0 102 11567 0 0
56.987 42 LINK_REPORT 42 -1 57 0 50981 1244 0 950. 23. 16 20.91
57.008 42 INS 0 0 42 0 0 187373 -391 245 974
57.097 42 GPS_INT 0 0 0 0 0 0 0 0 0 0 0 0 0 0 0 0 8
57.097 42 SVINFO 0 0 0 0 0 0 0
57.197 42 ROTORCRAFT_FP 0 0 46 0 0 -136575 -2814 -3039 738 0 0 102 738 0 0
57.229 42 STATE_FILTER_STATUS 3 3 0
57.248 42 INS 0 0 -43 0 0 133584 -227 -130 567
57.292 42 ROTORCRAFT_STATUS 0 0 2 0 0 13 0 0 4 5 118 92
57.353 42 GPS_INT 0 0 0 0 0 0 0 0 0 0 0 0 0 0 0 0 8
57.353 42 SVINFO 0 0 0 0 0 0 0
57.453 42 ROTORCRAFT_FP 0 0 37 0 0 -133911 -3126 -880 -235 0 0 102 -235 0 0
57.499 42 INS 0 0 -34 0 0 137855 109 -279 742
57.601 42 GPS_INT 0 0 0 0 0 0 0 0 0 0 0 0 0 0 0 0 8
57.601 42 SVINFO 0 0 0 0 0 0 0
57.622 42 DL_VALUE 9 1.
57.702 42 ROTORCRAFT_FP 0 0 70 0 0 -147882 -3260 -72 -425 0 0 102 -425 0 0
57.749 42 I2C_ERRORS 0 0 0 0 0 0 0 0 0 0 0 2
57.750 42 I2C_ERRORS 0 0 0 0 0 0 0 0 0 0 0 0
57.760 42 INS 0 0 -43 0 0 204322 -144 -412 1302
57.840 42 ROTORCRAFT_NAV_STATUS 91 0 0.8 0. 0 2 0
57.853 42 GPS_INT 0 0 0 0 0 0 0 0 0 0 0 0 0 0 0 0 8
57.853 42 SVINFO 0 0 0 0 0 0 0
57.956 42 ROTORCRAFT_FP 0 0 0 0 0 -298837 -1984 -714 -519 0 0 102 -519 0 0
57.988 42 LINK_REPORT 42 -1 58 0 51884 1266 0 903. 22. 16 20.91
57.997 42 AIR_DATA 99884. 0. 37.68 998.935181 0.803265 -1. -1.
58.008 42 INS 0 0 17 0 0 290124 168 891 -838
58.068 42 ENERGY 11.8 0. 0 0.
58.076 42 WP_MOVED_ENU 10 1448 -386 253
58.105 42 GPS_INT 0 0 0 0 0 0 0 0 0 0 0 0 0 0 0 0 8
58.105 42 SVINFO 0 0 0 0 0 0 0
58.257 42 INS 0 0 18 0 0 207740 155 -1015 -393
58.366 42 GPS_INT 0 0 0 0 0 0 0 0 0 0 0 0 0 0 0 0 8
58.366 42 SVINFO 0 0 0 0 0 0 0
58.449 42 ALIVE 245,241,57,166,41,78,173,218,186,16,142,239,108,64,167,55
58.459 42 ROTORCRAFT_FP 0 0 -8 0 0 -120371 -1018 -87 -1025 0 0 102 -1025 0 0
58.503 42 ROTORCRAFT_STATUS 0 0 2 0 0 13 0 0 4 5 118 93
58.510 42 INS 0 0 11 0 0 121279 -482 -215 -169
58.616 42 GPS_INT 0 0 0 0 0 0 0 0 0 0 0 0 0 0 0 0 8
58.616 42 SVINFO 0 0 0 0 0 0 0
58.726 42 ROTORCRAFT_FP 0 0 -2 0 0 -101104 -967 -144 -963 0 0 102 -963 0 0
58.729 42 DL_VALUE 10 20.
58.765 42 INS 0 0 -4 0 0 96057 188 230 -121
58.861 42 GPS_INT 0 0 0 0 0 0 0 0 0 0 0 0 0 0 0 0 8
58.861 42 SVINFO 0 0 0 0 0 0 0
58.980 42 ROTORCRAFT_FP 0 0 13 0 0 -89876 -839 -269 -1010 0 0 102 -1010 0 0
58.989 42 LINK_REPORT 42 -1 59 0 52724 1287 0 840. 21. 16 20.91
59.012 42 INS 0 0 -3 0 0 90971 -78 17 -423
59.138 42 GPS_INT 0 0 0 0 0 0 0 0 0 0 0 0 0 0 0 0 8
59.139 42 SVINFO 0 0 0 0 0 0 0
59.163 42 DATALINK_REPORT 3 16 0 907 0 0
59.214 42 ROTORCRAFT_FP 0 0 -1 0 0 -100841 -775 -273 -954 0 0 102 -954 0 0
59.263 42 INS_REF 392433142 30036158 500219736 519906361 43767873 45110 0 99881.
59.265 42 INS 0 0 -4 0 0 94423 57 414 -406
59.296 42 AIR_DATA 99882. 0. 37.709999 998.935181 0.972374 -1. -1.
59.367 42 GPS_INT 0 0 0 0 0 0 0 0 0 0 0 0 0 0 0 0 8
59.368 42 SVINFO 0 0 0 0 0 0 0
59.389 42 WP_MOVED_ENU 11 -199 -1203 256
59.470 42 ROTORCRAFT_NAV_STATUS 93 0 0.8 0. 0 2 0
59.471 42 ROTORCRAFT_FP 0 0 -22 0 0 -105303 -698 -244 -974 0 0 102 -974 0 0
59.535 42 INS 0 0 25 0 0 101096 85 -146 17
59.633 42 GPS_INT 0 0 0 0 0 0 0 0 0 0 0 0 0 0 0 0 8
59.637 42 SVINFO 0 0 0 0 0 0 0
59.715 42 ROTORCRAFT_STATUS 0 0 2 0 0 13 0 0 4 5 118 94
59.723 42 ROTORCRAFT_FP 0 0 39 0 0 -63520 -647 -350 -1044 0 0 102 -1044 0 0
59.783 42 INS 0 0 -67 0 0 43058 231 -100 0
59.857 42 DL_VALUE 11 180.
59.872 42 GPS_INT 0 0 0 0 0 0 0 0 0 0 0 0 0 0 0 0 8
59.877 42 SVINFO 0 0 0 0 0 0 0
59.974 42 ROTORCRAFT_FP 0 0 22 0 0 -65211 -572 -281 -1037 0 0 102 -1037 0 0
59.990 42 LINK_REPORT 42 -1 60 0 53665 1310 0 941. 23. 16 20.91
60.025 42 INS 0 0 -38 0 0 50323 172 96 -197
60.127 42 GPS_INT 0 0 0 0 0 0 0 0 0 0 0 0 0 0 0 0 8
60.127 42 SVINFO 0 0 0 0 0 0 0
60.240 42 ROTORCRAFT_FP 0 0 23 0 0 -66814 -533 -282 -1042 0 0 102 -1042 0 0
60.277 42 INS 0 0 1 0 0 83350 -116 79 176
60.376 42 GPS_INT 0 0 0 0 0 0 0 0 0 0 0 0 0 0 0 0 8
60.376 42 SVINFO 0 0 0 0 0 0 0
60.463 42 STATE_FILTER_STATUS 3 3 0
60.463 42 PONG 
60.478 42 ROTORCRAFT_FP 0 0 -94 0 0 -141933 -516 -270 -1024 0 0 102 -1024 0 0
60.535 42 INS 0 0 97 0 0 143491 -29 -102 36
60.615 42 ALIVE 245,241,57,166,41,78,173,218,186,16,142,239,108,64,167,55
60.615 42 ENERGY 11.8 0. 0 0.
60.616 42 AIR_DATA 99878. 0. 37.75 998.935181 1.310591 -1. -1.
60.633 42 GPS_INT 0 0 0 0 0 0 0 0 0 0 0 0 0 0 0 0 8
60.636 42 SVINFO 0 0 0 0 0 0 0
60.700 42 WP_MOVED_ENU 12 -954 -2 253
60.766 42 ROTORCRAFT_FP 0 0 -19 0 0 -84416 -549 -293 -984 0 0 102 -984 0 0
60.783 42 INS 0 0 21 0 0 91058 45 -171 354
60.886 42 GPS_INT 0 0 0 0 0 0 0 0 0 0 0 0 0 0 0 0 8
60.886 42 SVINFO 0 0 0 0 0 0 0
60.926 42 ROTORCRAFT_STATUS 0 0 2 0 0 13 0 0 4 5 118 95
60.955 42 DL_VALUE 12 75.
60.990 42 LINK_REPORT 42 -1 61 0 54525 1333 0 860. 23. 17 1.87
60.996 42 ROTORCRAFT_FP 0 0 46 0 0 -41060 -534 -281 -962 0 0 102 -962 0 0
61.049 42 INS 0 0 -61 0 0 32369 130 279 288
61.098 42 ROTORCRAFT_NAV_STATUS 94 0 0.8 0. 0 2 0
61.149 42 SVINFO 0 0 0 0 0 0 0
61.238 42 ROTORCRAFT_FP 0 0 88 0 0 -8339 -531 -283 -984 0 0 102 -984 0 0
61.312 42 INS 0 0 -124 0 0 -20615 88 186 123
61.402 42 GPS_INT 0 0 0 0 0 0 0 0 0 0 0 0 0 0 0 0 8
61.402 42 SVINFO 0 0 0 0 0 0 0
61.495 42 ROTORCRAFT_FP 0 0 24 0 0 -54855 -519 -282 -1023 0 0 102 -1023 0 0
61.546 42 INS 0 0 -22 0 0 57718 -326 226 248
61.597 42 WIND_INFO 42 5 0. 0. 0. 0.
61.644 42 GPS_INT 0 0 0 0 0 0 0 0 0 0 0 0 0 0 0 0 8
61.644 42 SVINFO 0 0 0 0 0 0 0
61.749 42 ROTORCRAFT_FP 0 0 -20 0 0 -85667 -522 -318 -1023 0 0 102 -1023 0 0
61.802 42 INS 0 0 22 0 0 82616 -49 28 294
61.897 42 I2C_ERRORS 0 0 0 0 0 0 0 0 0 0 0 1
61.897 42 I2C_ERRORS 0 0 0 0 0 0 0 0 0 0 0 2
61.898 42 GPS_INT 0 0 0 0 0 0 0 0 0 0 0 0 0 0 0 0 8
61.898 42 SVINFO 0 0 0 0 0 0 0
61.918 42 AIR_DATA 99879. 0. 37.790001 998.935181 1.226036 -1. -1.
61.991 42 LINK_REPORT 42 -1 62 0 55349 1352 0 824. 19. 18 1.87
61.996 42 ROTORCRAFT_FP 0 0 37 0 0 -45748 -505 -295 -1048 0 0 102 -1048 0 0
62.034 42 WP_MOVED_ENU 13 327 993 253
62.049 42 INS 0 0 -56 0 0 31260 19 -2 274
62.067 42 DL_VALUE 13 145.
62.146 42 ROTORCRAFT_STATUS 0 0 2 0 0 13 0 0 4 5 118 97
62.150 42 GPS_INT 0 0 0 0 0 0 0 0 0 0 0 0 0 0 0 0 8
62.151 42 SVINFO 0 0 0 0 0 0 0
62.247 42 ROTORCRAFT_FP 0 0 17 0 0 -58778 -490 -298 -1069 0 0 102 -1069 0 0
62.298 42 INS 0 0 -5 0 0 65735 132 -32 334
62.400 42 GPS_INT 0 0 0 0 0 0 0 0 0 0 0 0 0 0 0 0 8
62.405 42 SVINFO 0 0 0 0 0 0 0
62.533 42 ROTORCRAFT_FP 0 0 -16 0 0 -76989 -483 -321 -1084 0 0 102 -1084 0 0
62.551 42 INS 0 0 53 0 0 99287 202 93 -88
62.650 42 GPS_INT 0 0 0 0 0 0 0 0 0 0 0 0 0 0 0 0 8
62.651 42 SVINFO 0 0 0 0 0 0 0
62.679 42 ROTORCRAFT_NAV_STATUS 96 0 0.8 0. 0 2 0
62.685 42 ALIVE 245,241,57,166,41,78,173,218,186,16,142,239,108,64,167,55
62.757 42 ROTORCRAFT_FP 0 0 14 0 0 -48903 -481 -316 -1100 0 0 102 -1100 0 0
62.802 42 INS 0 0 -13 0 0 51042 138 199 -56
62.939 42 GPS_INT 0 0 0 0 0 0 0 0 0 0 0 0 0 0 0 0 8
62.940 42 SVINFO 0 0 0 0 0 0 0
62.991 42 LINK_REPORT 42 -1 63 0 56220 1373 0 871. 21. 18 1.87
63.003 42 ROTORCRAFT_FP 0 0 -22 0 0 -77009 -473 -326 -1107 0 0 102 -1107 0 0
63.056 42 INS 0 0 -3 0 0 58401 3 1 -145
63.128 42 ENERGY 11.8 0. 0 0.
63.162 42 GPS_INT 0 0 0 0 0 0 0 0 0 0 0 0 0 0 0 0 8
63.162 42 SVINFO 0 0 0 0 0 0 0
63.180 42 DL_VALUE 14 167.
63.252 42 AIR_DATA 99886. 0. 37.830002 998.935181 0.634157 -1. -1.
63.268 42 ROTORCRAFT_FP 0 0 -64 0 0 -95598 -472 -318 -1122 0 0 102 -1122 0 0
63.320 42 INS 0 0 69 0 0 98383 -88 217 -133
63.321 42 WP_MOVED_ENU 14 1134 -345 253
63.349 42 ROTORCRAFT_STATUS 0 0 2 0 0 13 0 0 4 5 118 98
63.406 42 GPS_INT 0 0 0 0 0 0 0 0 0 0 0 0 0 0 0 0 8
63.407 42 SVINFO 0 0 0 0 0 0 0
63.511 42 ROTORCRAFT_FP 0 0 -12 0 0 -58898 -463 -336 -1134 0 0 102 -1134 0 0
63.566 42 INS 0 0 10 0 0 58061 -63 -121 273
63.661 42 GPS_INT 0 0 0 0 0 0 0 0 0 0 0 0 0 0 0 0 8
63.661 42 SVINFO 0 0 0 0 0 0 0
63.696 42 STATE_FILTER_STATUS 3 3 0
63.776 42 ROTORCRAFT_FP 0 0 -13 0 0 -60163 -470 -338 -1146 0 0 102 -1146 0 0
63.816 42 INS 0 0 15 0 0 63279 207 -91 260
63.913 42 GPS_INT 0 0 0 0 0 0 0 0 0 0 0 0 0 0 0 0 8
63.913 42 SVINFO 0 0 0 0 0 0 0
63.992 42 LINK_REPORT 42 -1 64 0 57113 1395 0 893. 22. 18 1.87
64.015 42 ROTORCRAFT_FP 0 0 -91 0 0 -108658 -471 -333 -1132 0 0 102 -1132 0 0
64.065 42 INS 0 0 94 0 0 110971 -118 -244 126
64.163 42 GPS_INT 0 0 0 0 0 0 0 0 0 0 0 0 0 0 0 0 8
64.163 42 SVINFO 0 0 0 0 0 0 0
64.264 42 ROTORCRAFT_FP 0 0 -70 0 0 -83931 -481 -330 -1116 0 0 102 -1116 0 0
64.283 42 DL_VALUE 15 255.
64.301 42 ROTORCRAFT_NAV_STATUS 97 0 0.8 0. 0 2 0
64.314 42 DATALINK_REPORT 3 18 0 897 0 0
64.315 42 INS 0 0 41 0 0 69098 -71 246 169
64.421 42 INS_REF 392433142 30036158 500219736 519906361 43767873 45110 0 99881.
64.422 42 GPS_INT 0 0 0 0 0 0 0 0 0 0 0 0 0 0 0 0 8
64.426 42 SVINFO 0 0 0 0 0 0 0
64.530 42 ROTORCRAFT_FP 0 0 -76 0 0 -87051 -478 -329 -1138 0 0 102 -1138 0 0
64.544 42 AIR_DATA 99888. 0. 37.869999 998.935181 0.465048 -1. -1.
64.556 42 ROTORCRAFT_STATUS 0 0 2 0 0 13 0 0 4 5 118 99
64.572 42 INS 0 0 106 0 0 109122 12 120 -63
64.632 42 WP_MOVED_ENU 0 0 0 256
64.668 42 GPS_INT 0 0 0 0 0 0 0 0 0 0 0 0 0 0 0 0 8
64.668 42 SVINFO 0 0 0 0 0 0 0
64.786 42 ROTORCRAFT_FP 0 0 -43 0 0 -54897 -470 -348 -1133 0 0 102 -1133 0 0
64.808 42 ALIVE 245,241,57,166,41,78,173,218,186,16,142,239,108,64,167,55
64.821 42 INS 0 0 37 0 0 48687 170 -245 -131
64.930 42 GPS_INT 0 0 0 0 0 0 0 0 0 0 0 0 0 0 0 0 8
64.930 42 SVINFO 0 0 0 0 0 0 0
64.993 42 LINK_REPORT 42 -1 65 0 58079 1419 0 966. 24. 18 1.87
65.020 42 ROTORCRAFT_FP 0 0 -97 0 0 -94742 -490 -354 -1145 0 0 102 -1145 0 0
65.073 42 INS 0 0 99 0 0 99024 53 32 -17
65.199 42 GPS_INT 0 0 0 0 0 0 0 0 0 0 0 0 0 0 0 0 8
65.205 42 SVINFO 0 0 0 0 0 0 0
65.284 42 ROTORCRAFT_FP 0 0 -81 0 0 -77824 -479 -357 -1152 0 0 102 -1152 0 0
65.358 42 INS 0 0 67 0 0 71054 15 -86 253
65.406 42 DL_VALUE 16 998.935181
65.460 42 GPS_INT 0 0 0 0 0 0 0 0 0 0 0 0 0 0 0 0 8
65.461 42 SVINFO 0 0 0 0 0 0 0
65.464 42 PONG 
65.529 42 ROTORCRAFT_FP 0 0 -83 0 0 -83621 -468 -373 -1164 0 0 102 -1164 0 0
65.579 42 INS 0 0 69 0 0 71278 -21 6 129
65.630 42 ENERGY 11.8 0. 0 0.
65.677 42 GPS_INT 0 0 0 0 0 0 0 0 0 0 0 0 0 0 0 0 8
65.677 42 SVINFO 0 0 0 0 0 0 0
65.767 42 ROTORCRAFT_STATUS 0 0 2 0 0 13 0 0 4 5 118 100
65.778 42 ROTORCRAFT_FP 0 0 -37 0 0 -49624 -462 -364 -1176 0 0 102 -1176 0 0
65.841 42 INS 0 0 24 0 0 43951 -173 -63 312
65.842 42 AIR_DATA 99883. 0. 37.91 998.935181 0.887819 -1. -1.
65.919 42 ROTORCRAFT_NAV_STATUS 99 0 0.8 0. 0 2 0
65.933 42 GPS_INT 0 0 0 0 0 0 0 0 0 0 0 0 0 0 0 0 8
65.933 42 SVINFO 0 0 0 0 0 0 0
65.943 42 WP_MOVED_ENU 1 151 -148 253
65.994 42 LINK_REPORT 42 -1 66 0 58991 1442 0 912. 23. 19 2.52
66.031 42 I2C_ERRORS 0 0 0 0 0 0 0 0 0 0 0 0
66.031 42 I2C_ERRORS 0 0 0 0 0 0 0 0 0 0 0 1
66.032 42 I2C_ERRORS 0 0 0 0 0 0 0 0 0 0 0 2
66.032 42 ROTORCRAFT_FP 0 0 -33 0 0 -45233 -467 -366 -1189 0 0 102 -1189 0 0
66.080 42 INS 0 0 34 0 0 45834 -45 -140 234
66.182 42 GPS_INT 0 0 0 0 0 0 0 0 0 0 0 0 0 0 0 0 8
66.182 42 SVINFO 0 0 0 0 0 0 0
66.283 42 ROTORCRAFT_FP 0 0 0 0 0 -23803 -482 -373 -1173 0 0 102 -1173 0 0
66.335 42 INS 0 0 -16 0 0 19971 73 -157 81
66.435 42 GPS_INT 0 0 0 0 0 0 0 0 0 0 0 0 0 0 0 0 8
66.435 42 SVINFO 0 0 0 0 0 0 0
66.504 42 DL_VALUE 17 1.
66.546 42 ROTORCRAFT_FP 0 0 -54 0 0 -63522 -463 -365 -1195 0 0 102 -1195 0 0
66.587 42 INS 0 0 12 0 0 34507 200 187 -51
66.705 42 GPS_INT 0 0 0 0 0 0 0 0 0 0 0 0 0 0 0 0 8
66.706 42 SVINFO 0 0 0 0 0 0 0
66.789 42 ROTORCRAFT_FP 0 0 -48 0 0 -65629 -461 -365 -1202 0 0 102 -1202 0 0
66.839 42 INS 0 0 40 0 0 57566 -97 72 -15
66.844 42 SETTING 5 42 1.
66.851 42 DL_VALUE 5 1.
66.919 42 STATE_FILTER_STATUS 3 3 0
66.923 42 ALIVE 245,241,57,166,41,78,173,218,186,16,142,239,108,64,167,55
66.969 42 GPS_INT 0 0 0 0 0 0 0 0 0 0 0 0 0 0 0 0 8
66.969 42 SVINFO 0 0 0 0 0 0 0
66.984 42 ROTORCRAFT_STATUS 0 0 2 0 0 13 0 0 4 5 118 101
66.994 42 LINK_REPORT 42 -1 67 0 59942 1466 0 951. 24. 20 2.52
67.040 42 ROTORCRAFT_FP 0 0 -51 0 0 -66095 -448 -374 -1197 0 0 102 -1197 0 0
67.104 42 INS 0 0 53 0 0 63493 119 224 170
67.159 42 AIR_DATA 99883. 0. 37.950001 998.935181 0.887819 -1. -1.
67.193 42 SVINFO 0 0 0 0 0 0 0
67.248 42 AUTOPILOT_VERSION 51300 v5.13_devel-166-gae18987-dirty
67.268 42 WP_MOVED_ENU 2 491 245 256
67.294 42 ROTORCRAFT_FP 0 0 19 0 0 -17487 -462 -383 -1223 0 0 102 -1223 0 0
67.354 42 INS 0 0 -18 0 0 17230 186 136 142
67.446 42 GPS_INT 0 0 0 0 0 0 0 0 0 0 0 0 0 0 0 0 8
67.446 42 SVINFO 0 0 0 0 0 0 0
67.526 42 ROTORCRAFT_NAV_STATUS 101 0 0.8 0. 0 2 0
67.547 42 ROTORCRAFT_FP 0 0 -55 0 0 -67314 -459 -369 -1203 0 0 102 -1203 0 0
67.597 42 INS 0 0 64 0 0 76375 -48 -202 -57
67.614 42 DL_VALUE 18 0.
67.699 42 GPS_INT 0 0 0 0 0 0 0 0 0 0 0 0 0 0 0 0 8
67.699 42 SVINFO 0 0 0 0 0 0 0
67.799 42 ROTORCRAFT_FP 0 0 -5 0 0 -31783 -429 -344 -1199 0 0 102 -1199 0 0
67.851 42 INS 0 0 -3 0 0 26362 45 48 13
67.952 42 GPS_INT 0 0 0 0 0 0 0 0 0 0 0 0 0 0 0 0 8
67.952 42 SVINFO 0 0 0 0 0 0 0
67.994 42 LINK_REPORT 42 -1 68 0 60777 1486 0 835. 20. 20 2.52
68.050 42 ROTORCRAFT_FP 0 0 18 0 0 -13998 -429 -346 -1193 0 0 102 -1193 0 0
68.100 42 INS 0 0 -16 0 0 16306 -173 -104 -112
68.156 42 ENERGY 11.8 0. 0 0.
68.190 42 ROTORCRAFT_STATUS 0 0 2 0 0 13 0 0 4 5 118 103
68.203 42 GPS_INT 0 0 0 0 0 0 0 0 0 0 0 0 0 0 0 0 8
68.212 42 SVINFO 0 0 0 0 0 0 0
68.302 42 ROTORCRAFT_FP 0 0 41 0 0 -4189 -421 -344 -1206 0 0 102 -1206 0 0
68.355 42 INS 0 0 -40 0 0 5461 -172 -37 56
68.462 42 GPS_INT 0 0 0 0 0 0 0 0 0 0 0 0 0 0 0 0 8
68.462 42 SVINFO 0 0 0 0 0 0 0
68.482 42 AIR_DATA 99875. 0. 37.990002 998.935181 1.564253 -1. -1.
68.559 42 ROTORCRAFT_FP 0 0 21 0 0 -19489 -400 -341 -1199 0 0 102 -1199 0 0
68.568 42 WP_MOVED_ENU 3 491 245 256
68.605 42 INS 0 0 -38 0 0 5760 -219 337 49
68.724 42 GPS_INT 0 0 0 0 0 0 0 0 0 0 0 0 0 0 0 0 8
68.724 42 SVINFO 0 0 0 0 0 0 0
68.724 42 DL_VALUE 19 0.
68.806 42 ROTORCRAFT_FP 0 0 35 0 0 -1812 -489 -363 -1147 0 0 102 -1147 0 0
68.857 42 INS 0 0 16 0 0 47490 -21 -219 214
68.966 42 GPS_INT 0 0 0 0 0 0 0 0 0 0 0 0 0 0 0 0 8
68.966 42 SVINFO 0 0 0 0 0 0 0
68.995 42 LINK_REPORT 42 -1 69 0 61658 1507 0 881. 21. 20 2.52
69.055 42 ALIVE 245,241,57,166,41,78,173,218,186,16,142,239,108,64,167,55
69.060 42 ROTORCRAFT_FP 0 0 -6 0 0 -39941 -495 -392 -1090 0 0 102 -1090 0 0
69.126 42 INS 0 0 -12 0 0 29212 145 219 -137
69.140 42 ROTORCRAFT_NAV_STATUS 102 0 0.8 0. 0 2 0
69.213 42 GPS_INT 0 0 0 0 0 0 0 0 0 0 0 0 0 0 0 0 8
69.213 42 SVINFO 0 0 0 0 0 0 0
69.313 42 ROTORCRAFT_FP 0 0 75 0 0 20167 -523 -364 -1074 0 0 102 -1074 0 0
69.368 42 INS 0 0 -75 0 0 -15107 216 -16 278
69.400 42 ROTORCRAFT_STATUS 0 0 2 0 0 13 0 0 4 5 118 104
69.460 42 DATALINK_REPORT 3 20 0 911 0 0
69.462 42 GPS_INT 0 0 0 0 0 0 0 0 0 0 0 0 0 0 0 0 8
69.462 42 SVINFO 0 0 0 0 0 0 0
69.564 42 INS_REF 392433142 30036158 500219736 519906361 43767873 45110 0 99881.
69.564 42 ROTORCRAFT_FP 0 0 -1 0 0 -38344 -538 -366 -1050 0 0 102 -1050 0 0
69.614 42 INS 0 0 -25 0 0 19968 -130 -50 93
69.730 42 GPS_INT 0 0 0 0 0 0 0 0 0 0 0 0 0 0 0 0 8
69.730 42 SVINFO 0 0 0 0 0 0 0
69.778 42 AIR_DATA 99882. 0. 38.029999 998.935181 0.972374 -1. -1.
69.821 42 ROTORCRAFT_FP 0 0 27 0 0 -15619 -583 -342 -1052 0 0 102 -1052 0 0
69.865 42 DL_VALUE 20 0.
69.868 42 INS 0 0 -81 0 0 -16501 67 207 358
69.878 42 WP_MOVED_ENU 4 197 -440 256
69.976 42 GPS_INT 0 0 0 0 0 0 0 0 0 0 0 0 0 0 0 0 8
69.976 42 SVINFO 0 0 0 0 0 0 0
69.996 42 LINK_REPORT 42 -1 70 0 62624 1531 0 966. 24. 20 2.52
70.077 42 ROTORCRAFT_FP 0 0 37 0 0 -15620 -639 -365 -998 0 0 102 -998 0 0
70.120 42 INS 0 0 5 0 0 45562 22 52 214
70.152 42 STATE_FILTER_STATUS 3 3 0
70.172 42 I2C_ERRORS 0 0 0 0 0 0 0 0 0 0 0 0
70.173 42 I2C_ERRORS 0 0 0 0 0 0 0 0 0 0 0 1
70.222 42 GPS_INT 0 0 0 0 0 0 0 0 0 0 0 0 0 0 0 0 8
70.222 42 SVINFO 0 0 0 0 0 0 0
70.356 42 ROTORCRAFT_FP 0 0 -23 0 0 -57507 -679 -350 -992 0 0 102 -992 0 0
70.381 42 INS 0 0 24 0 0 59519 64 -66 46
70.466 42 PONG 
70.480 42 GPS_INT 0 0 0 0 0 0 0 0 0 0 0 0 0 0 0 0 8
70.485 42 SVINFO 0 0 0 0 0 0 0
70.575 42 ROTORCRAFT_FP 0 0 41 0 0 -23504 -639 -341 -1025 0 0 102 -1025 0 0
70.632 42 INS 0 0 -40 0 0 24379 352 -200 -102
70.737 42 GPS_INT 0 0 0 0 0 0 0 0 0 0 0 0 0 0 0 0 8
70.738 42 SVINFO 0 0 0 0 0 0 0
70.755 42 ROTORCRAFT_NAV_STATUS 104 0 0.8 0. 0 2 0
70.830 42 ROTORCRAFT_FP 0 0 -39 0 0 -47461 -597 -379 -1129 0 0 102 -1129 0 0
70.904 42 INS 0 0 4 0 0 20320 -24 -409 283
70.947 42 DL_VALUE 21 1.
70.991 42 GPS_INT 0 0 0 0 0 0 0 0 0 0 0 0 0 0 0 0 8
70.992 42 SVINFO 0 0 0 0 0 0 0
70.996 42 LINK_REPORT 42 -1 71 0 63510 1553 0 886. 22. 21 3.52
71.084 42 ROTORCRAFT_FP 0 0 -3 0 0 -39463 -668 -454 -1197 0 0 102 -1197 0 0
71.103 42 AIR_DATA 99883. 0. 38.07 998.935181 0.887819 -1. -1.
71.135 42 INS 0 0 -34 0 0 17621 -97 150 130
71.170 42 ALIVE 245,241,57,166,41,78,173,218,186,16,142,239,108,64,167,55
71.190 42 WP_MOVED_ENU 5 -166 551 256
71.242 42 GPS_INT 0 0 0 0 0 0 0 0 0 0 0 0 0 0 0 0 8
71.242 42 SVINFO 0 0 0 0 0 0 0
71.339 42 ROTORCRAFT_FP 0 0 -14 0 0 -48542 -620 -455 -1207 0 0 102 -1207 0 0
71.395 42 INS 0 0 -8 0 0 28572 189 -146 -275
71.493 42 GPS_INT 0 0 0 0 0 0 0 0 0 0 0 0 0 0 0 0 8
71.493 42 SVINFO 0 0 0 0 0 0 0
71.585 42 ROTORCRAFT_FP 0 0 13 0 0 -36774 -655 -486 -1187 0 0 102 -1187 0 0
71.598 42 WIND_INFO 42 5 0. 0. 0. 0.
71.637 42 INS 0 0 -12 0 0 39596 -166 -253 269
71.740 42 GPS_INT 0 0 0 0 0 0 0 0 0 0 0 0 0 0 0 0 8
71.740 42 SVINFO 0 0 0 0 0 0 0
71.840 42 ROTORCRAFT_STATUS 0 0 2 0 0 13 0 0 4 5 118 106
71.841 42 ROTORCRAFT_FP 0 0 -16 0 0 -65961 -645 -549 -1236 0 0 102 -1236 0 0
71.891 42 INS 0 0 13 0 0 56440 -204 -276 -493
71.997 42 LINK_REPORT 42 -1 72 0 64300 1571 0 790. 18. 22 3.52
71.998 42 GPS_INT 0 0 0 0 0 0 0 0 0 0 0 0 0 0 0 0 8
71.999 42 SVINFO 0 0 0 0 0 0 0
72.057 42 DL_VALUE 22 0.5
72.099 42 ROTORCRAFT_FP 0 0 -18 0 0 -74710 -673 -534 -1279 0 0 102 -1279 0 0
72.145 42 INS 0 0 -16 0 0 55928 -117 12 17
72.242 42 GPS_INT 0 0 0 0 0 0 0 0 0 0 0 0 0 0 0 0 8
72.242 42 SVINFO 0 0 0 0 0 0 0
72.357 42 ROTORCRAFT_FP 0 0 -1 0 0 -61472 -542 -536 -1247 0 0 102 -1247 0 0
72.370 42 ROTORCRAFT_NAV_STATUS 106 0 0.8 0. 0 2 0
72.396 42 INS 0 0 6 0 0 59080 80 58 -239
72.402 42 AIR_DATA 99883. 0. 38.110001 998.935181 0.887819 -1. -1.
72.495 42 GPS_INT 0 0 0 0 0 0 0 0 0 0 0 0 0 0 0 0 8
72.496 42 SVINFO 0 0 0 0 0 0 0
72.517 42 WP_MOVED_ENU 6 -216 686 256
72.603 42 ROTORCRAFT_FP 0 0 -59 0 0 -85524 -591 -580 -1273 0 0 102 -1273 0 0
72.650 42 INS 0 0 61 0 0 84551 -32 60 54
72.781 42 GPS_INT 0 0 0 0 0 0 0 0 0 0 0 0 0 0 0 0 8
72.781 42 SVINFO 0 0 0 0 0 0 0
72.861 42 ROTORCRAFT_FP 0 0 8 0 0 8901 -1265 -537 -1153 0 0 102 -1153 0 0
72.901 42 INS 0 0 9 0 0 -7656 260 687 -944
72.997 42 LINK_REPORT 42 -1 73 0 65157 1591 0 857. 20. 22 3.52
73.010 42 GPS_INT 0 0 0 0 0 0 0 0 0 0 0 0 0 0 0 0 8
73.011 42 SVINFO 0 0 0 0 0 0 0
73.039 42 ROTORCRAFT_STATUS 0 0 2 0 0 13 0 0 4 5 118 107
73.106 42 ROTORCRAFT_FP 0 0 -25 0 0 -21040 -2957 -127 -962 0 0 102 -962 0 0
73.150 42 INS 0 0 100 0 0 86172 -249 -397 842
73.173 42 DL_VALUE 23 1.
73.205 42 ENERGY 11.8 0. 0 0.
73.261 42 GPS_INT 0 0 0 0 0 0 0 0 0 0 0 0 0 0 0 0 8
73.262 42 SVINFO 0 0 0 0 0 0 0
73.285 42 ALIVE 245,241,57,166,41,78,173,218,186,16,142,239,108,64,167,55
73.361 42 ROTORCRAFT_FP 0 0 -107 0 0 -119656 -2500 -594 -1008 0 0 102 -1008 0 0
73.384 42 STATE_FILTER_STATUS 3 3 0
73.420 42 INS 0 0 72 0 0 88355 -508 288 -546
73.505 42 GPS_INT 0 0 0 0 0 0 0 0 0 0 0 0 0 0 0 0 8
73.506 42 SVINFO 0 0 0 0 0 0 0
73.605 42 ROTORCRAFT_FP 0 0 -55 0 0 -83884 -1657 -2356 -1105 0 0 102 -1105 0 0
73.655 42 INS 0 0 57 0 0 86878 160 271 -51
73.712 42 AIR_DATA 99886. 0. 38.150002 998.935181 0.634157 -1. -1.
73.762 42 GPS_INT 0 0 0 0 0 0 0 0 0 0 0 0 0 0 0 0 8
73.762 42 SVINFO 0 0 0 0 0 0 0
73.820 42 WP_MOVED_ENU 7 -256 -1500 253
73.859 42 ROTORCRAFT_FP 0 0 -50 0 0 -103115 -1640 -2361 -947 0 0 102 -947 0 0
73.909 42 INS 0 0 53 0 0 111450 -330 -242 -151
73.986 42 ROTORCRAFT_NAV_STATUS 107 0 0.8 0. 0 2 0
73.998 42 LINK_REPORT 42 -1 74 0 66098 1615 0 941. 24. 22 3.52
74.012 42 GPS_INT 0 0 0 0 0 0 0 0 0 0 0 0 0 0 0 0 8
74.013 42 SVINFO 0 0 0 0 0 0 0
74.112 42 ROTORCRAFT_FP 0 0 -115 0 0 -200319 -1679 -2142 -965 0 0 102 -965 0 0
74.161 42 INS 0 0 108 0 0 217932 -269 487 354
74.244 42 ROTORCRAFT_STATUS 0 0 2 0 0 13 0 0 4 5 118 109
74.273 42 GPS_INT 0 0 0 0 0 0 0 0 0 0 0 0 0 0 0 0 8
74.273 42 SVINFO 0 0 0 0 0 0 0
74.276 42 DL_VALUE 24 0.1
74.309 42 I2C_ERRORS 0 0 0 0 0 0 0 0 0 0 0 2
74.310 42 I2C_ERRORS 0 0 0 0 0 0 0 0 0 0 0 0
74.363 42 ROTORCRAFT_FP 0 0 -108 0 0 -167155 -1598 -1622 -1061 0 0 102 -1061 0 0
74.424 42 INS 0 0 94 0 0 145449 221 70 -178
74.518 42 GPS_INT 0 0 0 0 0 0 0 0 0 0 0 0 0 0 0 0 8
74.519 42 SVINFO 0 0 0 0 0 0 0
74.616 42 DATALINK_REPORT 3 22 0 908 0 0
74.617 42 ROTORCRAFT_FP 0 0 -16 0 0 -92037 -1652 -1541 -1091 0 0 102 -1091 0 0
74.665 42 INS 0 0 19 0 0 101822 -215 -14 43
74.712 42 INS_REF 392433142 30036158 500219736 519906361 43767873 45110 0 99881.
74.766 42 GPS_INT 0 0 0 0 0 0 0 0 0 0 0 0 0 0 0 0 8
74.767 42 SVINFO 0 0 0 0 0 0 0
74.867 42 ROTORCRAFT_FP 0 0 -30 0 0 -141024 -1650 -1512 -1038 0 0 102 -1038 0 0
74.924 42 INS 0 0 33 0 0 131456 -239 -34 -449
74.998 42 LINK_REPORT 42 -1 75 0 67025 1637 0 927. 22. 22 3.52
75.019 42 GPS_INT 0 0 0 0 0 0 0 0 0 0 0 0 0 0 0 0 8
75.019 42 SVINFO 0 0 0 0 0 0 0
75.025 42 AIR_DATA 99887. 0. 38.18 998.935181 0.549603 -1. -1.
75.135 42 ROTORCRAFT_FP 0 0 -42 0 0 -136317 -1566 -1409 -1078 0 0 102 -1078 0 0
75.136 42 WP_MOVED_ENU 8 -1292 12 256
75.174 42 INS 0 0 49 0 0 128275 85 144 -283
75.285 42 GPS_INT 0 0 0 0 0 0 0 0 0 0 0 0 0 0 0 0 8
75.286 42 SVINFO 0 0 0 0 0 0 0
75.372 42 ROTORCRAFT_FP 0 0 -92 0 0 -166713 -1496 -1363 -1133 0 0 102 -1133 0 0
75.386 42 DL_VALUE 25 1.
75.412 42 ALIVE 245,241,57,166,41,78,173,218,186,16,142,239,108,64,167,55
75.423 42 INS 0 0 65 0 0 149523 220 122 186
75.456 42 ROTORCRAFT_STATUS 0 0 2 0 0 13 0 0 4 5 118 110
75.466 42 PONG 
75.525 42 GPS_INT 0 0 0 0 0 0 0 0 0 0 0 0 0 0 0 0 8
75.525 42 SVINFO 0 0 0 0 0 0 0
75.615 42 ROTORCRAFT_NAV_STATUS 109 0 0.8 0. 0 2 0
75.630 42 ROTORCRAFT_FP 0 0 -69 0 0 -137466 -1428 -1320 -1173 0 0 102 -1173 0 0
75.677 42 INS 0 0 54 0 0 131348 -45 109 197
75.730 42 ENERGY 11.8 0. 0 0.
75.781 42 GPS_INT 0 0 0 0 0 0 0 0 0 0 0 0 0 0 0 0 8
75.781 42 SVINFO 0 0 0 0 0 0 0
75.879 42 ROTORCRAFT_FP 0 0 -44 0 0 -144285 -1366 -1279 -1219 0 0 102 -1219 0 0
75.929 42 INS 0 0 47 0 0 141921 -300 52 282
75.999 42 LINK_REPORT 42 -1 76 0 67962 1661 0 937. 24. 23 2.53
76.031 42 GPS_INT 0 0 0 0 0 0 0 0 0 0 0 0 0 0 0 0 8
76.032 42 SVINFO 0 0 0 0 0 0 0
76.131 42 ROTORCRAFT_FP 0 0 -62 0 0 -147934 -1226 -1169 -1340 0 0 102 -1340 0 0
76.183 42 INS 0 0 91 0 0 171102 -163 -106 302
76.284 42 GPS_INT 0 0 0 0 0 0 0 0 0 0 0 0 0 0 0 0 8
76.284 42 SVINFO 0 0 0 0 0 0 0
76.342 42 AIR_DATA 99887. 0. 38.220001 998.935181 0.549603 -1. -1.
76.394 42 ROTORCRAFT_FP 0 0 -99 0 0 -196448 -958 -550 -1529 0 0 102 -1529 0 0
76.455 42 INS 0 0 111 0 0 188469 -234 452 -507
76.455 42 WP_MOVED_ENU 9 312 1249 256
76.500 42 DL_VALUE 26 0.
76.549 42 GPS_INT 0 0 0 0 0 0 0 0 0 0 0 0 0 0 0 0 8
76.549 42 SVINFO 0 0 0 0 0 0 0
76.614 42 STATE_FILTER_STATUS 3 3 0
76.638 42 ROTORCRAFT_FP 0 0 -141 0 0 -172386 -795 -471 -1335 0 0 102 -1335 0 0
76.672 42 ROTORCRAFT_STATUS 0 0 2 0 0 13 0 0 4 5 118 111
76.690 42 INS 0 0 133 0 0 164027 38 -503 -216
76.799 42 SVINFO 0 0 0 0 0 0 0
76.890 42 ROTORCRAFT_FP 0 0 -41 0 0 -113428 -653 -382 -1091 0 0 102 -1091 0 0
76.942 42 INS 0 0 44 0 0 121779 -124 -173 240
77.000 42 LINK_REPORT 42 -1 77 0 68768 1681 0 806. 20. 23 2.53
77.060 42 GPS_INT 0 0 0 0 0 0 0 0 0 0 0 0 0 0 0 0 8
77.060 42 SVINFO 0 0 0 0 0 0 0
77.143 42 ROTORCRAFT_FP 0 0 -82 0 0 -122213 -592 -360 -1066 0 0 102 -1066 0 0
77.201 42 INS 0 0 111 0 0 134058 316 -178 310
77.221 42 ROTORCRAFT_NAV_STATUS 110 0 0.8 0. 0 2 0
77.295 42 GPS_INT 0 0 0 0 0 0 0 0 0 0 0 0 0 0 0 0 8
77.295 42 SVINFO 0 0 0 0 0 0 0
77.402 42 ROTORCRAFT_FP 0 0 -130 0 0 -142917 -607 -396 -1013 0 0 102 -1013 0 0
77.447 42 INS 0 0 127 0 0 142269 -46 165 144
77.529 42 ALIVE 245,241,57,166,41,78,173,218,186,16,142,239,108,64,167,55
77.561 42 GPS_INT 0 0 0 0 0 0 0 0 0 0 0 0 0 0 0 0 8
77.581 42 SVINFO 0 0 0 0 0 0 0
77.611 42 DL_VALUE 27 0.063
77.656 42 ROTORCRAFT_FP 0 0 -123 0 0 -128283 -633 -476 -1042 0 0 102 -1042 0 0
77.661 42 AIR_DATA 99887. 0. 38.259998 998.935181 0.549603 -1. -1.
77.703 42 INS 0 0 165 0 0 161424 -200 53 -140
77.759 42 WP_MOVED_ENU 10 1448 -386 253
77.801 42 GPS_INT 0 0 0 0 0 0 0 0 0 0 0 0 0 0 0 0 8
77.801 42 SVINFO 0 0 0 0 0 0 0
77.882 42 ROTORCRAFT_STATUS 0 0 2 0 0 13 0 0 4 5 118 112
77.920 42 ROTORCRAFT_FP 0 0 -108 0 0 -111490 -732 -605 -1068 0 0 102 -1068 0 0
77.958 42 INS 0 0 111 0 0 113315 -269 9 555
78.000 42 LINK_REPORT 42 -1 78 0 69675 1703 0 907. 22. 23 2.53
78.129 42 GPS_INT 0 0 0 0 0 0 0 0 0 0 0 0 0 0 0 0 8
78.134 42 SVINFO 0 0 0 0 0 0 0
78.194 42 ROTORCRAFT_FP 0 0 -127 0 0 -134747 -724 -601 -1176 0 0 102 -1176 0 0
78.209 42 INS 0 0 130 0 0 142721 53 228 228
78.257 42 ENERGY 11.8 0. 0 0.
78.318 42 GPS_INT 0 0 0 0 0 0 0 0 0 0 0 0 0 0 0 0 8
78.321 42 SVINFO 0 0 0 0 0 0 0
78.407 42 ROTORCRAFT_FP 0 0 -108 0 0 -103656 -684 -618 -1139 0 0 102 -1139 0 0
78.452 42 I2C_ERRORS 0 0 0 0 0 0 0 0 0 0 0 1
78.452 42 I2C_ERRORS 0 0 0 0 0 0 0 0 0 0 0 2
78.456 42 INS 0 0 146 0 0 125359 95 273 -29
78.458 42 AUTOPILOT_VERSION 51300 v5.13_devel-166-gae18987-dirty
78.571 42 GPS_INT 0 0 0 0 0 0 0 0 0 0 0 0 0 0 0 0 8
78.572 42 SVINFO 0 0 0 0 0 0 0
78.661 42 ROTORCRAFT_FP 0 0 -159 0 0 -140950 -693 -610 -1135 0 0 102 -1135 0 0
78.719 42 INS 0 0 142 0 0 127420 28 27 -293
78.726 42 DL_VALUE 28 0.9
78.810 42 GPS_INT 0 0 0 0 0 0 0 0 0 0 0 0 0 0 0 0 8
78.811 42 SVINFO 0 0 0 0 0 0 0
78.836 42 ROTORCRAFT_NAV_STATUS 112 0 0.8 0. 0 2 0
78.913 42 ROTORCRAFT_FP 0 0 -94 0 0 -88473 -683 -637 -1096 0 0 102 -1096 0 0
78.972 42 INS 0 0 96 0 0 82159 -144 31 -387
78.972 42 AIR_DATA 99885. 0. 38.299999 998.935181 0.718711 -1. -1.
79.001 42 LINK_REPORT 42 -1 79 0 70642 1726 0 967. 23. 23 2.53
79.064 42 GPS_INT 0 0 0 0 0 0 0 0 0 0 0 0 0 0 0 0 8
79.064 42 SVINFO 0 0 0 0 0 0 0
79.064 42 WP_MOVED_ENU 11 -199 -1203 256
79.093 42 ROTORCRAFT_STATUS 0 0 2 0 0 13 0 0 4 5 118 114
79.169 42 ROTORCRAFT_FP 0 0 -136 0 0 -116698 -736 -662 -1132 0 0 102 -1132 0 0
79.216 42 INS 0 0 139 0 0 120967 52 -156 -71
79.315 42 GPS_INT 0 0 0 0 0 0 0 0 0 0 0 0 0 0 0 0 8
79.315 42 SVINFO 0 0 0 0 0 0 0
79.420 42 ROTORCRAFT_FP 0 0 -84 0 0 -76782 -706 -641 -1198 0 0 102 -1198 0 0
79.468 42 INS 0 0 123 0 0 102392 -181 -85 -188
79.576 42 GPS_INT 0 0 0 0 0 0 0 0 0 0 0 0 0 0 0 0 8
79.576 42 SVINFO 0 0 0 0 0 0 0
79.650 42 ALIVE 245,241,57,166,41,78,173,218,186,16,142,239,108,64,167,55
79.675 42 ROTORCRAFT_FP 0 0 -130 0 0 -116267 -693 -652 -1228 0 0 102 -1228 0 0
79.718 42 INS 0 0 116 0 0 104312 25 174 -64
79.776 42 DATALINK_REPORT 4 23 0 909 0 0
79.821 42 GPS_INT 0 0 0 0 0 0 0 0 0 0 0 0 0 0 0 0 8
79.821 42 SVINFO 0 0 0 0 0 0 0
79.876 42 DL_VALUE 29 0.04
79.876 42 STATE_FILTER_STATUS 3 3 0
79.877 42 INS_REF 392433142 30036158 500219736 519906361 43767873 45110 0 99881.
79.933 42 ROTORCRAFT_FP 0 0 -178 0 0 -133746 -667 -670 -1244 0 0 102 -1244 0 0
79.970 42 INS 0 0 131 0 0 100519 60 28 -120
80.002 42 LINK_REPORT 42 -1 80 0 71561 1749 0 919. 23. 23 2.53
80.076 42 GPS_INT 0 0 0 0 0 0 0 0 0 0 0 0 0 0 0 0 8
80.076 42 SVINFO 0 0 0 0 0 0 0
80.174 42 ROTORCRAFT_FP 0 0 -156 0 0 -122288 -680 -652 -1237 0 0 102 -1237 0 0
80.239 42 INS 0 0 159 0 0 123356 10 25 63
80.271 42 AIR_DATA 99890. 0. 38.330002 998.935181 0.29594 -1. -1.
80.306 42 ROTORCRAFT_STATUS 0 0 2 0 0 13 0 0 4 5 118 115
80.330 42 GPS_INT 0 0 0 0 0 0 0 0 0 0 0 0 0 0 0 0 8
80.333 42 SVINFO 0 0 0 0 0 0 0
80.374 42 WP_MOVED_ENU 12 -954 -2 253
80.422 42 ROTORCRAFT_FP 0 0 -93 0 0 -66858 -697 -604 -1194 0 0 102 -1194 0 0
80.448 42 ROTORCRAFT_NAV_STATUS 114 0 0.8 0. 0 2 0
80.495 42 PONG 
80.495 42 INS 0 0 106 0 0 75904 -16 142 115
80.585 42 GPS_INT 0 0 0 0 0 0 0 0 0 0 0 0 0 0 0 0 8
80.585 42 SVINFO 0 0 0 0 0 0 0
80.676 42 ROTORCRAFT_FP 0 0 -121 0 0 -73329 -764 -577 -1190 0 0 102 -1190 0 0
80.733 42 INS 0 0 142 0 0 94281 119 -10 544
80.779 42 ENERGY 11.8 0. 0 0.
80.828 42 GPS_INT 0 0 0 0 0 0 0 0 0 0 0 0 0 0 0 0 8
80.828 42 SVINFO 0 0 0 0 0 0 0
80.927 42 ROTORCRAFT_FP 0 0 -153 0 0 -114605 -757 -579 -1223 0 0 102 -1223 0 0
80.939 42 DL_VALUE 30 0.9
80.985 42 INS 0 0 150 0 0 116020 69 -79 559
81.003 42 LINK_REPORT 42 -1 81 0 72473 1772 0 912. 23. 24 30.65
81.080 42 GPS_INT 0 0 0 0 0 0 0 0 0 0 0 0 0 0 0 0 8
81.080 42 SVINFO 0 0 0 0 0 0 0
81.181 42 ROTORCRAFT_FP 0 0 -145 0 0 -108425 -704 -624 -1238 0 0 102 -1238 0 0
81.232 42 INS 0 0 147 0 0 104917 188 -88 -204
81.332 42 GPS_INT 0 0 0 0 0 0 0 0 0 0 0 0 0 0 0 0 8
81.332 42 SVINFO 0 0 0 0 0 0 0
81.451 42 ROTORCRAFT_FP 0 0 -115 0 0 -71777 -759 -561 -1191 0 0 102 -1191 0 0
81.493 42 INS 0 0 117 0 0 68487 -69 -202 -326
81.524 42 ROTORCRAFT_STATUS 0 0 2 0 0 13 0 0 4 5 118 116
81.584 42 AIR_DATA 99895. 0. 38.369999 998.935181 -0.126831 -1. -1.
81.587 42 GPS_INT 0 0 0 0 0 0 0 0 0 0 0 0 0 0 0 0 8
81.587 42 SVINFO 0 0 0 0 0 0 0
81.599 42 WIND_INFO 42 5 0. 0. 0. 0.
81.691 42 WP_MOVED_ENU 13 327 993 253
81.691 42 ROTORCRAFT_FP 0 0 -191 0 0 -127539 -844 -521 -1099 0 0 102 -1099 0 0
81.737 42 INS 0 0 138 0 0 94915 98 22 82
81.771 42 ALIVE 245,241,57,166,41,78,173,218,186,16,142,239,108,64,167,55
81.847 42 GPS_INT 0 0 0 0 0 0 0 0 0 0 0 0 0 0 0 0 8
81.847 42 SVINFO 0 0 0 0 0 0 0
81.952 42 ROTORCRAFT_FP 0 0 -124 0 0 -83737 -796 -545 -1122 0 0 102 -1122 0 0
82.003 42 LINK_REPORT 42 -1 82 0 73300 1791 0 827. 19. 25 30.65
82.021 42 INS 0 0 71 0 0 44609 -128 -328 -317
82.059 42 DL_VALUE 31 600.
82.074 42 ROTORCRAFT_NAV_STATUS 115 0 0.8 0. 0 2 0
82.099 42 GPS_INT 0 0 0 0 0 0 0 0 0 0 0 0 0 0 0 0 8
82.100 42 SVINFO 0 0 0 0 0 0 0
82.200 42 ROTORCRAFT_FP 0 0 -119 0 0 -76000 -815 -579 -1148 0 0 102 -1148 0 0
82.293 42 INS 0 0 121 0 0 73996 -155 -259 97
82.380 42 GPS_INT 0 0 0 0 0 0 0 0 0 0 0 0 0 0 0 0 8
82.380 42 SVINFO 0 0 0 0 0 0 0
82.455 42 ROTORCRAFT_FP 0 0 -69 0 0 -39074 -793 -614 -1186 0 0 102 -1186 0 0
82.507 42 INS 0 0 71 0 0 51840 122 -210 638
82.603 42 I2C_ERRORS 0 0 0 0 0 0 0 0 0 0 0 0
82.603 42 I2C_ERRORS 0 0 0 0 0 0 0 0 0 0 0 1
82.604 42 I2C_ERRORS 0 0 0 0 0 0 0 0 0 0 0 2
82.605 42 GPS_INT 0 0 0 0 0 0 0 0 0 0 0 0 0 0 0 0 8
82.605 42 SVINFO 0 0 0 0 0 0 0
82.708 42 ROTORCRAFT_FP 0 0 -90 0 0 -68606 -734 -659 -1259 0 0 102 -1259 0 0
82.797 42 ROTORCRAFT_STATUS 0 0 2 0 0 13 0 0 4 5 117 117
82.798 42 INS 0 0 148 0 0 101881 326 -143 -36
82.856 42 GPS_INT 0 0 0 0 0 0 0 0 0 0 0 0 0 0 0 0 8
82.856 42 SVINFO 0 0 0 0 0 0 0
82.928 42 AIR_DATA 99888. 0. 38.41 998.935181 0.465048 -1. -1.
82.957 42 ROTORCRAFT_FP 0 0 -91 0 0 -30418 -802 -637 -1238 0 0 102 -1238 0 0
83.004 42 LINK_REPORT 42 -1 83 0 74260 1814 0 960. 23. 25 30.65
83.007 42 WP_MOVED_ENU 14 1134 -345 253
83.007 42 INS 0 0 64 0 0 33027 -483 214 970
83.088 42 STATE_FILTER_STATUS 3 3 0
83.111 42 GPS_INT 0 0 0 0 0 0 0 0 0 0 0 0 0 0 0 0 8
83.114 42 SVINFO 0 0 0 0 0 0 0
83.174 42 DL_VALUE 32 28.
83.214 42 ROTORCRAFT_FP 0 0 -13 0 0 -16160 -648 -642 -1218 0 0 102 -1218 0 0
83.261 42 INS 0 0 14 0 0 21914 -431 266 469
83.314 42 ENERGY 11.8 0. 0 0.
83.374 42 GPS_INT 0 0 0 0 0 0 0 0 0 0 0 0 0 0 0 0 8
83.374 42 SVINFO 0 0 0 0 0 0 0
83.468 42 ROTORCRAFT_FP 0 0 -57 0 0 -56728 -517 -505 -1308 0 0 102 -1308 0 0
83.514 42 INS 0 0 58 0 0 48535 -403 -319 -882
83.644 42 GPS_INT 0 0 0 0 0 0 0 0 0 0 0 0 0 0 0 0 8
83.661 42 SVINFO 0 0 0 0 0 0 0
83.690 42 ROTORCRAFT_NAV_STATUS 117 0 0.8 0. 0 2 0
83.720 42 ROTORCRAFT_FP 0 0 -39 0 0 -23235 -572 -682 -1343 0 0 102 -1343 0 0
83.767 42 INS 0 0 58 0 0 30474 -414 -188 -58
83.894 42 GPS_INT 0 0 0 0 0 0 0 0 0 0 0 0 0 0 0 0 8
83.894 42 SVINFO 0 0 0 0 0 0 0
83.901 42 ALIVE 245,241,57,166,41,78,173,218,186,16,142,239,108,64,167,55
83.955 42 ROTORCRAFT_STATUS 0 0 2 0 0 13 0 0 4 5 118 118
83.969 42 ROTORCRAFT_FP 0 0 -20 0 0 -32807 -940 -449 -1463 0 0 102 -1463 0 0
84.004 42 LINK_REPORT 42 -1 84 0 75165 1837 0 905. 23. 25 30.65
84.042 42 INS 0 0 17 0 0 30369 -48 641 202
84.129 42 GPS_INT 0 0 0 0 0 0 0 0 0 0 0 0 0 0 0 0 8
84.129 42 SVINFO 0 0 0 0 0 0 0
84.221 42 AIR_DATA 99880. 0. 38.450001 998.935181 1.141482 -1. -1.
84.222 42 ROTORCRAFT_FP 0 0 -12 0 0 -28922 -905 -553 -1633 0 0 102 -1633 0 0
84.277 42 INS 0 0 13 0 0 25582 404 -86 352
84.283 42 DL_VALUE 33 0.0397
84.326 42 WP_MOVED_ENU 0 0 0 256
84.375 42 GPS_INT 0 0 0 0 0 0 0 0 0 0 0 0 0 0 0 0 8
84.375 42 SVINFO 0 0 0 0 0 0 0
84.477 42 ROTORCRAFT_FP 0 0 -50 0 0 -50169 -820 -644 -1581 0 0 102 -1581 0 0
84.532 42 INS 0 0 51 0 0 46774 223 -162 -19
84.626 42 GPS_INT 0 0 0 0 0 0 0 0 0 0 0 0 0 0 0 0 8
84.626 42 SVINFO 0 0 0 0 0 0 0
84.725 42 ROTORCRAFT_FP 0 0 34 0 0 19107 -789 -641 -1629 0 0 102 -1629 0 0
84.777 42 INS 0 0 -32 0 0 -15908 174 1 444
84.876 42 GPS_INT 0 0 0 0 0 0 0 0 0 0 0 0 0 0 0 0 8
84.876 42 SVINFO 0 0 0 0 0 0 0
84.937 42 DATALINK_REPORT 3 25 0 900 0 0
84.978 42 ROTORCRAFT_FP 0 0 -7 0 0 -19823 -746 -648 -1606 0 0 102 -1606 0 0
85.005 42 LINK_REPORT 42 -1 85 0 76018 1857 0 853. 20. 25 30.65
85.025 42 INS_REF 392433142 30036158 500219736 519906361 43767873 45110 0 99881.
85.031 42 INS 0 0 10 0 0 19458 80 -6 -261
85.130 42 GPS_INT 0 0 0 0 0 0 0 0 0 0 0 0 0 0 0 0 8
85.130 42 SVINFO 0 0 0 0 0 0 0
85.171 42 ROTORCRAFT_STATUS 0 0 2 0 0 13 0 0 4 5 118 120
85.233 42 ROTORCRAFT_FP 0 0 -8 0 0 -31389 -729 -678 -1655 0 0 102 -1655 0 0
85.281 42 INS 0 0 1 0 0 32668 102 -120 169
85.305 42 ROTORCRAFT_NAV_STATUS 118 0 0.8 0. 0 2 0
85.386 42 GPS_INT 0 0 0 0 0 0 0 0 0 0 0 0 0 0 0 0 8
85.386 42 SVINFO 0 0 0 0 0 0 0
85.390 42 DL_VALUE 34 600.
85.468 42 PONG 
85.510 42 ROTORCRAFT_FP 0 0 26 0 0 -7753 -687 -706 -1624 0 0 102 -1624 0 0
85.529 42 AIR_DATA 99878. 0. 38.48 998.935181 1.310591 -1. -1.
85.534 42 INS 0 0 -26 0 0 6558 95 346 -41
85.628 42 WP_MOVED_ENU 1 151 -148 253
85.632 42 GPS_INT 0 0 0 0 0 0 0 0 0 0 0 0 0 0 0 0 8
85.633 42 SVINFO 0 0 0 0 0 0 0
85.738 42 ROTORCRAFT_FP 0 0 75 0 0 13224 -684 -734 -1652 0 0 102 -1652 0 0
85.785 42 INS 0 0 -75 0 0 -10832 -200 60 -179
85.838 42 ENERGY 11.8 0. 0 0.
85.903 42 GPS_INT 0 0 0 0 0 0 0 0 0 0 0 0 0 0 0 0 8
85.903 42 SVINFO 0 0 0 0 0 0 0
85.986 42 ROTORCRAFT_FP 0 0 38 0 0 -12128 -621 -693 -1676 0 0 102 -1676 0 0
86.005 42 LINK_REPORT 42 -1 86 0 76970 1881 0 952. 24. 26 2.92
86.018 42 ALIVE 245,241,57,166,41,78,173,218,186,16,142,239,108,64,167,55
86.038 42 INS 0 0 -23 0 0 18440 132 30 -283
86.156 42 GPS_INT 0 0 0 0 0 0 0 0 0 0 0 0 0 0 0 0 8
86.157 42 SVINFO 0 0 0 0 0 0 0
86.247 42 ROTORCRAFT_FP 0 0 80 0 0 8135 -620 -696 -1685 0 0 102 -1685 0 0
86.312 42 INS 0 0 -76 0 0 -10503 -128 167 -39
86.315 42 STATE_FILTER_STATUS 3 3 0
86.367 42 ROTORCRAFT_STATUS 0 0 2 0 0 13 0 0 4 5 118 121
86.399 42 GPS_INT 0 0 0 0 0 0 0 0 0 0 0 0 0 0 0 0 8
86.400 42 SVINFO 0 0 0 0 0 0 0
86.494 42 ROTORCRAFT_FP 0 0 45 0 0 -11666 -606 -711 -1675 0 0 102 -1675 0 0
86.506 42 DL_VALUE 35 28.
86.557 42 INS 0 0 -45 0 0 11983 138 216 148
86.644 42 GPS_INT 0 0 0 0 0 0 0 0 0 0 0 0 0 0 0 0 8
86.644 42 SVINFO 0 0 0 0 0 0 0
86.740 42 I2C_ERRORS 0 0 0 0 0 0 0 0 0 0 0 0
86.740 42 I2C_ERRORS 0 0 0 0 0 0 0 0 0 0 0 1
86.746 42 ROTORCRAFT_FP 0 0 58 0 0 -6682 -624 -725 -1696 0 0 102 -1696 0 0
86.800 42 INS 0 0 -58 0 0 6747 175 154 43
86.847 42 AIR_DATA 99877. 0. 38.52 998.935181 1.395145 -1. -1.
86.898 42 GPS_INT 0 0 0 0 0 0 0 0 0 0 0 0 0 0 0 0 8
86.899 42 SVINFO 0 0 0 0 0 0 0
86.924 42 ROTORCRAFT_NAV_STATUS 120 0 0.8 0. 0 2 0
86.964 42 WP_MOVED_ENU 2 491 245 256
87.006 42 LINK_REPORT 42 -1 87 0 77889 1905 0 919. 24. 26 2.92
87.011 42 ROTORCRAFT_FP 0 0 -42 0 0 -71339 -607 -713 -1714 0 0 102 -1714 0 0
87.049 42 INS 0 0 8 0 0 49138 -78 -49 -192
87.152 42 GPS_INT 0 0 0 0 0 0 0 0 0 0 0 0 0 0 0 0 8
87.153 42 SVINFO 0 0 0 0 0 0 0
87.250 42 ROTORCRAFT_FP 0 0 22 0 0 -25085 -622 -713 -1686 0 0 102 -1686 0 0
